 -3.40000000000000e+04   1.80000000000000e+04   1.00000000000000e+04 
 -3.40000000000000e+04   1.70000000000000e+04   1.00000000000000e+04 
 -3.40000000000000e+04   1.60000000000000e+04   1.00000000000000e+04 
 -3.40000000000000e+04   1.50000000000000e+04   1.00000000000000e+04 
 -3.40000000000000e+04   1.40000000000000e+04   1.00000000000000e+04 
 -3.40000000000000e+04   1.30000000000000e+04   1.00000000000000e+04 
 -3.40000000000000e+04   1.20000000000000e+04   1.00000000000000e+04 
 -3.40000000000000e+04   1.10000000000000e+04   1.00000000000000e+04 
 -3.40000000000000e+04   1.00000000000000e+04   1.00000000000000e+04 
 -3.40000000000000e+04   9.00000000000000e+03   1.00000000000000e+04 
 -3.40000000000000e+04   8.00000000000000e+03   1.00000000000000e+04 
 -3.40000000000000e+04   7.00000000000000e+03   1.00000000000000e+04 
 -3.40000000000000e+04   6.00000000000000e+03   1.00000000000000e+04 
 -3.40000000000000e+04   5.00000000000000e+03   1.00000000000000e+04 
 -3.40000000000000e+04   4.00000000000000e+03   1.00000000000000e+04 
 -3.40000000000000e+04   3.00000000000000e+03   1.00000000000000e+04 
 -3.40000000000000e+04   2.00000000000000e+03   1.00000000000000e+04 
 -3.40000000000000e+04   1.00000000000000e+03   1.00000000000000e+04 
 -3.40000000000000e+04  -0.00000000000000e+00   1.00000000000000e+04 
 -3.30000000000000e+04   1.80000000000000e+04   1.00000000000000e+04 
 -3.30000000000000e+04   1.70000000000000e+04   1.00000000000000e+04 
 -3.30000000000000e+04   1.60000000000000e+04   1.00000000000000e+04 
 -3.30000000000000e+04   1.50000000000000e+04   1.00000000000000e+04 
 -3.30000000000000e+04   1.40000000000000e+04   1.00000000000000e+04 
 -3.30000000000000e+04   1.30000000000000e+04   1.00000000000000e+04 
 -3.30000000000000e+04   1.20000000000000e+04   1.00000000000000e+04 
 -3.30000000000000e+04   1.10000000000000e+04   1.00000000000000e+04 
 -3.30000000000000e+04   1.00000000000000e+04   1.00000000000000e+04 
 -3.30000000000000e+04   9.00000000000000e+03   1.00000000000000e+04 
 -3.30000000000000e+04   8.00000000000000e+03   1.00000000000000e+04 
 -3.30000000000000e+04   7.00000000000000e+03   1.00000000000000e+04 
 -3.30000000000000e+04   6.00000000000000e+03   1.00000000000000e+04 
 -3.30000000000000e+04   5.00000000000000e+03   1.00000000000000e+04 
 -3.30000000000000e+04   4.00000000000000e+03   1.00000000000000e+04 
 -3.30000000000000e+04   3.00000000000000e+03   1.00000000000000e+04 
 -3.30000000000000e+04   2.00000000000000e+03   1.00000000000000e+04 
 -3.30000000000000e+04   1.00000000000000e+03   1.00000000000000e+04 
 -3.30000000000000e+04  -0.00000000000000e+00   1.00000000000000e+04 
 -3.20000000000000e+04   1.80000000000000e+04   1.00000000000000e+04 
 -3.20000000000000e+04   1.70000000000000e+04   1.00000000000000e+04 
 -3.20000000000000e+04   1.60000000000000e+04   1.00000000000000e+04 
 -3.20000000000000e+04   1.50000000000000e+04   1.00000000000000e+04 
 -3.20000000000000e+04   1.40000000000000e+04   1.00000000000000e+04 
 -3.20000000000000e+04   1.30000000000000e+04   1.00000000000000e+04 
 -3.20000000000000e+04   1.20000000000000e+04   1.00000000000000e+04 
 -3.20000000000000e+04   1.10000000000000e+04   1.00000000000000e+04 
 -3.20000000000000e+04   1.00000000000000e+04   1.00000000000000e+04 
 -3.20000000000000e+04   9.00000000000000e+03   1.00000000000000e+04 
 -3.20000000000000e+04   8.00000000000000e+03   1.00000000000000e+04 
 -3.20000000000000e+04   7.00000000000000e+03   1.00000000000000e+04 
 -3.20000000000000e+04   6.00000000000000e+03   1.00000000000000e+04 
 -3.20000000000000e+04   5.00000000000000e+03   1.00000000000000e+04 
 -3.20000000000000e+04   4.00000000000000e+03   1.00000000000000e+04 
 -3.20000000000000e+04   3.00000000000000e+03   1.00000000000000e+04 
 -3.20000000000000e+04   2.00000000000000e+03   1.00000000000000e+04 
 -3.20000000000000e+04   1.00000000000000e+03   1.00000000000000e+04 
 -3.20000000000000e+04  -0.00000000000000e+00   1.00000000000000e+04 
 -3.10000000000000e+04   1.80000000000000e+04   1.00000000000000e+04 
 -3.10000000000000e+04   1.70000000000000e+04   1.00000000000000e+04 
 -3.10000000000000e+04   1.60000000000000e+04   1.00000000000000e+04 
 -3.10000000000000e+04   1.50000000000000e+04   1.00000000000000e+04 
 -3.10000000000000e+04   1.40000000000000e+04   1.00000000000000e+04 
 -3.10000000000000e+04   1.30000000000000e+04   1.00000000000000e+04 
 -3.10000000000000e+04   1.20000000000000e+04   1.00000000000000e+04 
 -3.10000000000000e+04   1.10000000000000e+04   1.00000000000000e+04 
 -3.10000000000000e+04   1.00000000000000e+04   1.00000000000000e+04 
 -3.10000000000000e+04   9.00000000000000e+03   1.00000000000000e+04 
 -3.10000000000000e+04   8.00000000000000e+03   1.00000000000000e+04 
 -3.10000000000000e+04   7.00000000000000e+03   1.00000000000000e+04 
 -3.10000000000000e+04   6.00000000000000e+03   1.00000000000000e+04 
 -3.10000000000000e+04   5.00000000000000e+03   1.00000000000000e+04 
 -3.10000000000000e+04   4.00000000000000e+03   1.00000000000000e+04 
 -3.10000000000000e+04   3.00000000000000e+03   1.00000000000000e+04 
 -3.10000000000000e+04   2.00000000000000e+03   1.00000000000000e+04 
 -3.10000000000000e+04   1.00000000000000e+03   1.00000000000000e+04 
 -3.10000000000000e+04  -0.00000000000000e+00   1.00000000000000e+04 
 -3.00000000000000e+04   1.80000000000000e+04   1.00000000000000e+04 
 -3.00000000000000e+04   1.70000000000000e+04   1.00000000000000e+04 
 -3.00000000000000e+04   1.60000000000000e+04   1.00000000000000e+04 
 -3.00000000000000e+04   1.50000000000000e+04   1.00000000000000e+04 
 -3.00000000000000e+04   1.40000000000000e+04   1.00000000000000e+04 
 -3.00000000000000e+04   1.30000000000000e+04   1.00000000000000e+04 
 -3.00000000000000e+04   1.20000000000000e+04   1.00000000000000e+04 
 -3.00000000000000e+04   1.10000000000000e+04   1.00000000000000e+04 
 -3.00000000000000e+04   1.00000000000000e+04   1.00000000000000e+04 
 -3.00000000000000e+04   9.00000000000000e+03   1.00000000000000e+04 
 -3.00000000000000e+04   8.00000000000000e+03   1.00000000000000e+04 
 -3.00000000000000e+04   7.00000000000000e+03   1.00000000000000e+04 
 -3.00000000000000e+04   6.00000000000000e+03   1.00000000000000e+04 
 -3.00000000000000e+04   5.00000000000000e+03   1.00000000000000e+04 
 -3.00000000000000e+04   4.00000000000000e+03   1.00000000000000e+04 
 -3.00000000000000e+04   3.00000000000000e+03   1.00000000000000e+04 
 -3.00000000000000e+04   2.00000000000000e+03   1.00000000000000e+04 
 -3.00000000000000e+04   1.00000000000000e+03   1.00000000000000e+04 
 -3.00000000000000e+04  -0.00000000000000e+00   1.00000000000000e+04 
 -2.90000000000000e+04   1.80000000000000e+04   1.00000000000000e+04 
 -2.90000000000000e+04   1.70000000000000e+04   1.00000000000000e+04 
 -2.90000000000000e+04   1.60000000000000e+04   1.00000000000000e+04 
 -2.90000000000000e+04   1.50000000000000e+04   1.00000000000000e+04 
 -2.90000000000000e+04   1.40000000000000e+04   1.00000000000000e+04 
 -2.90000000000000e+04   1.30000000000000e+04   1.00000000000000e+04 
 -2.90000000000000e+04   1.20000000000000e+04   1.00000000000000e+04 
 -2.90000000000000e+04   1.10000000000000e+04   1.00000000000000e+04 
 -2.90000000000000e+04   1.00000000000000e+04   1.00000000000000e+04 
 -2.90000000000000e+04   9.00000000000000e+03   1.00000000000000e+04 
 -2.90000000000000e+04   8.00000000000000e+03   1.00000000000000e+04 
 -2.90000000000000e+04   7.00000000000000e+03   1.00000000000000e+04 
 -2.90000000000000e+04   6.00000000000000e+03   1.00000000000000e+04 
 -2.90000000000000e+04   5.00000000000000e+03   1.00000000000000e+04 
 -2.90000000000000e+04   4.00000000000000e+03   1.00000000000000e+04 
 -2.90000000000000e+04   3.00000000000000e+03   1.00000000000000e+04 
 -2.90000000000000e+04   2.00000000000000e+03   1.00000000000000e+04 
 -2.90000000000000e+04   1.00000000000000e+03   1.00000000000000e+04 
 -2.90000000000000e+04  -0.00000000000000e+00   1.00000000000000e+04 
 -2.80000000000000e+04   1.80000000000000e+04   1.00000000000000e+04 
 -2.80000000000000e+04   1.70000000000000e+04   1.00000000000000e+04 
 -2.80000000000000e+04   1.60000000000000e+04   1.00000000000000e+04 
 -2.80000000000000e+04   1.50000000000000e+04   1.00000000000000e+04 
 -2.80000000000000e+04   1.40000000000000e+04   1.00000000000000e+04 
 -2.80000000000000e+04   1.30000000000000e+04   1.00000000000000e+04 
 -2.80000000000000e+04   1.20000000000000e+04   1.00000000000000e+04 
 -2.80000000000000e+04   1.10000000000000e+04   1.00000000000000e+04 
 -2.80000000000000e+04   1.00000000000000e+04   1.00000000000000e+04 
 -2.80000000000000e+04   9.00000000000000e+03   1.00000000000000e+04 
 -2.80000000000000e+04   8.00000000000000e+03   1.00000000000000e+04 
 -2.80000000000000e+04   7.00000000000000e+03   1.00000000000000e+04 
 -2.80000000000000e+04   6.00000000000000e+03   1.00000000000000e+04 
 -2.80000000000000e+04   5.00000000000000e+03   1.00000000000000e+04 
 -2.80000000000000e+04   4.00000000000000e+03   1.00000000000000e+04 
 -2.80000000000000e+04   3.00000000000000e+03   1.00000000000000e+04 
 -2.80000000000000e+04   2.00000000000000e+03   1.00000000000000e+04 
 -2.80000000000000e+04   1.00000000000000e+03   1.00000000000000e+04 
 -2.80000000000000e+04  -0.00000000000000e+00   1.00000000000000e+04 
 -2.70000000000000e+04   1.80000000000000e+04   1.00000000000000e+04 
 -2.70000000000000e+04   1.70000000000000e+04   1.00000000000000e+04 
 -2.70000000000000e+04   1.60000000000000e+04   1.00000000000000e+04 
 -2.70000000000000e+04   1.50000000000000e+04   1.00000000000000e+04 
 -2.70000000000000e+04   1.40000000000000e+04   1.00000000000000e+04 
 -2.70000000000000e+04   1.30000000000000e+04   1.00000000000000e+04 
 -2.70000000000000e+04   1.20000000000000e+04   1.00000000000000e+04 
 -2.70000000000000e+04   1.10000000000000e+04   1.00000000000000e+04 
 -2.70000000000000e+04   1.00000000000000e+04   1.00000000000000e+04 
 -2.70000000000000e+04   9.00000000000000e+03   1.00000000000000e+04 
 -2.70000000000000e+04   8.00000000000000e+03   1.00000000000000e+04 
 -2.70000000000000e+04   7.00000000000000e+03   1.00000000000000e+04 
 -2.70000000000000e+04   6.00000000000000e+03   1.00000000000000e+04 
 -2.70000000000000e+04   5.00000000000000e+03   1.00000000000000e+04 
 -2.70000000000000e+04   4.00000000000000e+03   1.00000000000000e+04 
 -2.70000000000000e+04   3.00000000000000e+03   1.00000000000000e+04 
 -2.70000000000000e+04   2.00000000000000e+03   1.00000000000000e+04 
 -2.70000000000000e+04   1.00000000000000e+03   1.00000000000000e+04 
 -2.70000000000000e+04  -0.00000000000000e+00   1.00000000000000e+04 
 -2.60000000000000e+04   1.80000000000000e+04   1.00000000000000e+04 
 -2.60000000000000e+04   1.70000000000000e+04   1.00000000000000e+04 
 -2.60000000000000e+04   1.60000000000000e+04   1.00000000000000e+04 
 -2.60000000000000e+04   1.50000000000000e+04   1.00000000000000e+04 
 -2.60000000000000e+04   1.40000000000000e+04   1.00000000000000e+04 
 -2.60000000000000e+04   1.30000000000000e+04   1.00000000000000e+04 
 -2.60000000000000e+04   1.20000000000000e+04   1.00000000000000e+04 
 -2.60000000000000e+04   1.10000000000000e+04   1.00000000000000e+04 
 -2.60000000000000e+04   1.00000000000000e+04   1.00000000000000e+04 
 -2.60000000000000e+04   9.00000000000000e+03   1.00000000000000e+04 
 -2.60000000000000e+04   8.00000000000000e+03   1.00000000000000e+04 
 -2.60000000000000e+04   7.00000000000000e+03   1.00000000000000e+04 
 -2.60000000000000e+04   6.00000000000000e+03   1.00000000000000e+04 
 -2.60000000000000e+04   5.00000000000000e+03   1.00000000000000e+04 
 -2.60000000000000e+04   4.00000000000000e+03   1.00000000000000e+04 
 -2.60000000000000e+04   3.00000000000000e+03   1.00000000000000e+04 
 -2.60000000000000e+04   2.00000000000000e+03   1.00000000000000e+04 
 -2.60000000000000e+04   1.00000000000000e+03   1.00000000000000e+04 
 -2.60000000000000e+04  -0.00000000000000e+00   1.00000000000000e+04 
 -2.50000000000000e+04   1.80000000000000e+04   1.00000000000000e+04 
 -2.50000000000000e+04   1.70000000000000e+04   1.00000000000000e+04 
 -2.50000000000000e+04   1.60000000000000e+04   1.00000000000000e+04 
 -2.50000000000000e+04   1.50000000000000e+04   1.00000000000000e+04 
 -2.50000000000000e+04   1.40000000000000e+04   1.00000000000000e+04 
 -2.50000000000000e+04   1.30000000000000e+04   1.00000000000000e+04 
 -2.50000000000000e+04   1.20000000000000e+04   1.00000000000000e+04 
 -2.50000000000000e+04   1.10000000000000e+04   1.00000000000000e+04 
 -2.50000000000000e+04   1.00000000000000e+04   1.00000000000000e+04 
 -2.50000000000000e+04   9.00000000000000e+03   1.00000000000000e+04 
 -2.50000000000000e+04   8.00000000000000e+03   1.00000000000000e+04 
 -2.50000000000000e+04   7.00000000000000e+03   1.00000000000000e+04 
 -2.50000000000000e+04   6.00000000000000e+03   1.00000000000000e+04 
 -2.50000000000000e+04   5.00000000000000e+03   1.00000000000000e+04 
 -2.50000000000000e+04   4.00000000000000e+03   1.00000000000000e+04 
 -2.50000000000000e+04   3.00000000000000e+03   1.00000000000000e+04 
 -2.50000000000000e+04   2.00000000000000e+03   1.00000000000000e+04 
 -2.50000000000000e+04   1.00000000000000e+03   1.00000000000000e+04 
 -2.50000000000000e+04  -0.00000000000000e+00   1.00000000000000e+04 
 -2.40000000000000e+04   1.80000000000000e+04   1.00000000000000e+04 
 -2.40000000000000e+04   1.70000000000000e+04   1.00000000000000e+04 
 -2.40000000000000e+04   1.60000000000000e+04   1.00000000000000e+04 
 -2.40000000000000e+04   1.50000000000000e+04   1.00000000000000e+04 
 -2.40000000000000e+04   1.40000000000000e+04   1.00000000000000e+04 
 -2.40000000000000e+04   1.30000000000000e+04   1.00000000000000e+04 
 -2.40000000000000e+04   1.20000000000000e+04   1.00000000000000e+04 
 -2.40000000000000e+04   1.10000000000000e+04   1.00000000000000e+04 
 -2.40000000000000e+04   1.00000000000000e+04   1.00000000000000e+04 
 -2.40000000000000e+04   9.00000000000000e+03   1.00000000000000e+04 
 -2.40000000000000e+04   8.00000000000000e+03   1.00000000000000e+04 
 -2.40000000000000e+04   7.00000000000000e+03   1.00000000000000e+04 
 -2.40000000000000e+04   6.00000000000000e+03   1.00000000000000e+04 
 -2.40000000000000e+04   5.00000000000000e+03   1.00000000000000e+04 
 -2.40000000000000e+04   4.00000000000000e+03   1.00000000000000e+04 
 -2.40000000000000e+04   3.00000000000000e+03   1.00000000000000e+04 
 -2.40000000000000e+04   2.00000000000000e+03   1.00000000000000e+04 
 -2.40000000000000e+04   1.00000000000000e+03   1.00000000000000e+04 
 -2.40000000000000e+04  -0.00000000000000e+00   1.00000000000000e+04 
 -2.30000000000000e+04   1.80000000000000e+04   1.00000000000000e+04 
 -2.30000000000000e+04   1.70000000000000e+04   1.00000000000000e+04 
 -2.30000000000000e+04   1.60000000000000e+04   1.00000000000000e+04 
 -2.30000000000000e+04   1.50000000000000e+04   1.00000000000000e+04 
 -2.30000000000000e+04   1.40000000000000e+04   1.00000000000000e+04 
 -2.30000000000000e+04   1.30000000000000e+04   1.00000000000000e+04 
 -2.30000000000000e+04   1.20000000000000e+04   1.00000000000000e+04 
 -2.30000000000000e+04   1.10000000000000e+04   1.00000000000000e+04 
 -2.30000000000000e+04   1.00000000000000e+04   1.00000000000000e+04 
 -2.30000000000000e+04   9.00000000000000e+03   1.00000000000000e+04 
 -2.30000000000000e+04   8.00000000000000e+03   1.00000000000000e+04 
 -2.30000000000000e+04   7.00000000000000e+03   1.00000000000000e+04 
 -2.30000000000000e+04   6.00000000000000e+03   1.00000000000000e+04 
 -2.30000000000000e+04   5.00000000000000e+03   1.00000000000000e+04 
 -2.30000000000000e+04   4.00000000000000e+03   1.00000000000000e+04 
 -2.30000000000000e+04   3.00000000000000e+03   1.00000000000000e+04 
 -2.30000000000000e+04   2.00000000000000e+03   1.00000000000000e+04 
 -2.30000000000000e+04   1.00000000000000e+03   1.00000000000000e+04 
 -2.30000000000000e+04  -0.00000000000000e+00   1.00000000000000e+04 
 -2.20000000000000e+04   1.80000000000000e+04   1.00000000000000e+04 
 -2.20000000000000e+04   1.70000000000000e+04   1.00000000000000e+04 
 -2.20000000000000e+04   1.60000000000000e+04   1.00000000000000e+04 
 -2.20000000000000e+04   1.50000000000000e+04   1.00000000000000e+04 
 -2.20000000000000e+04   1.40000000000000e+04   1.00000000000000e+04 
 -2.20000000000000e+04   1.30000000000000e+04   1.00000000000000e+04 
 -2.20000000000000e+04   1.20000000000000e+04   1.00000000000000e+04 
 -2.20000000000000e+04   1.10000000000000e+04   1.00000000000000e+04 
 -2.20000000000000e+04   1.00000000000000e+04   1.00000000000000e+04 
 -2.20000000000000e+04   9.00000000000000e+03   1.00000000000000e+04 
 -2.20000000000000e+04   8.00000000000000e+03   1.00000000000000e+04 
 -2.20000000000000e+04   7.00000000000000e+03   1.00000000000000e+04 
 -2.20000000000000e+04   6.00000000000000e+03   1.00000000000000e+04 
 -2.20000000000000e+04   5.00000000000000e+03   1.00000000000000e+04 
 -2.20000000000000e+04   4.00000000000000e+03   1.00000000000000e+04 
 -2.20000000000000e+04   3.00000000000000e+03   1.00000000000000e+04 
 -2.20000000000000e+04   2.00000000000000e+03   1.00000000000000e+04 
 -2.20000000000000e+04   1.00000000000000e+03   1.00000000000000e+04 
 -2.20000000000000e+04  -0.00000000000000e+00   1.00000000000000e+04 
 -2.10000000000000e+04   1.80000000000000e+04   1.00000000000000e+04 
 -2.10000000000000e+04   1.70000000000000e+04   1.00000000000000e+04 
 -2.10000000000000e+04   1.60000000000000e+04   1.00000000000000e+04 
 -2.10000000000000e+04   1.50000000000000e+04   1.00000000000000e+04 
 -2.10000000000000e+04   1.40000000000000e+04   1.00000000000000e+04 
 -2.10000000000000e+04   1.30000000000000e+04   1.00000000000000e+04 
 -2.10000000000000e+04   1.20000000000000e+04   1.00000000000000e+04 
 -2.10000000000000e+04   1.10000000000000e+04   1.00000000000000e+04 
 -2.10000000000000e+04   1.00000000000000e+04   1.00000000000000e+04 
 -2.10000000000000e+04   9.00000000000000e+03   1.00000000000000e+04 
 -2.10000000000000e+04   8.00000000000000e+03   1.00000000000000e+04 
 -2.10000000000000e+04   7.00000000000000e+03   1.00000000000000e+04 
 -2.10000000000000e+04   6.00000000000000e+03   1.00000000000000e+04 
 -2.10000000000000e+04   5.00000000000000e+03   1.00000000000000e+04 
 -2.10000000000000e+04   4.00000000000000e+03   1.00000000000000e+04 
 -2.10000000000000e+04   3.00000000000000e+03   1.00000000000000e+04 
 -2.10000000000000e+04   2.00000000000000e+03   1.00000000000000e+04 
 -2.10000000000000e+04   1.00000000000000e+03   1.00000000000000e+04 
 -2.10000000000000e+04  -0.00000000000000e+00   1.00000000000000e+04 
 -2.00000000000000e+04   1.80000000000000e+04   1.00000000000000e+04 
 -2.00000000000000e+04   1.70000000000000e+04   1.00000000000000e+04 
 -2.00000000000000e+04   1.60000000000000e+04   1.00000000000000e+04 
 -2.00000000000000e+04   1.50000000000000e+04   1.00000000000000e+04 
 -2.00000000000000e+04   1.40000000000000e+04   1.00000000000000e+04 
 -2.00000000000000e+04   1.30000000000000e+04   1.29660165786743e+02 
 -2.00000000000000e+04   1.20000000000000e+04   1.27980154037476e+02 
 -2.00000000000000e+04   1.10000000000000e+04   1.27320149421692e+02 
 -2.00000000000000e+04   1.00000000000000e+04   1.27080147743225e+02 
 -2.00000000000000e+04   9.00000000000000e+03   1.27140148162842e+02 
 -2.00000000000000e+04   8.00000000000000e+03   1.27500150680542e+02 
 -2.00000000000000e+04   7.00000000000000e+03   1.28460157394409e+02 
 -2.00000000000000e+04   6.00000000000000e+03   1.32360184669495e+02 
 -2.00000000000000e+04   5.00000000000000e+03   1.00000000000000e+04 
 -2.00000000000000e+04   4.00000000000000e+03   1.00000000000000e+04 
 -2.00000000000000e+04   3.00000000000000e+03   1.00000000000000e+04 
 -2.00000000000000e+04   2.00000000000000e+03   1.00000000000000e+04 
 -2.00000000000000e+04   1.00000000000000e+03   1.00000000000000e+04 
 -2.00000000000000e+04  -0.00000000000000e+00   1.00000000000000e+04 
 -1.90000000000000e+04   1.80000000000000e+04   1.00000000000000e+04 
 -1.90000000000000e+04   1.70000000000000e+04   1.00000000000000e+04 
 -1.90000000000000e+04   1.60000000000000e+04   1.26240141868591e+02 
 -1.90000000000000e+04   1.50000000000000e+04   1.24680130958557e+02 
 -1.90000000000000e+04   1.40000000000000e+04   1.23900125503540e+02 
 -1.90000000000000e+04   1.30000000000000e+04   1.23420122146606e+02 
 -1.90000000000000e+04   1.20000000000000e+04   1.23060119628906e+02 
 -1.90000000000000e+04   1.10000000000000e+04   1.22820117950439e+02 
 -1.90000000000000e+04   1.00000000000000e+04   1.22760117530823e+02 
 -1.90000000000000e+04   9.00000000000000e+03   1.22760117530823e+02 
 -1.90000000000000e+04   8.00000000000000e+03   1.22940118789673e+02 
 -1.90000000000000e+04   7.00000000000000e+03   1.23180120468140e+02 
 -1.90000000000000e+04   6.00000000000000e+03   1.23600123405457e+02 
 -1.90000000000000e+04   5.00000000000000e+03   1.24200127601624e+02 
 -1.90000000000000e+04   4.00000000000000e+03   1.25460136413574e+02 
 -1.90000000000000e+04   3.00000000000000e+03   1.32960188865662e+02 
 -1.90000000000000e+04   2.00000000000000e+03   1.00000000000000e+04 
 -1.90000000000000e+04   1.00000000000000e+03   1.00000000000000e+04 
 -1.90000000000000e+04  -0.00000000000000e+00   1.00000000000000e+04 
 -1.80000000000000e+04   1.80000000000000e+04   1.00000000000000e+04 
 -1.80000000000000e+04   1.70000000000000e+04   1.31220176696777e+02 
 -1.80000000000000e+04   1.60000000000000e+04   1.21260107040405e+02 
 -1.80000000000000e+04   1.50000000000000e+04   1.20480101585388e+02 
 -1.80000000000000e+04   1.40000000000000e+04   1.19760096549988e+02 
 -1.80000000000000e+04   1.30000000000000e+04   1.19040091514587e+02 
 -1.80000000000000e+04   1.20000000000000e+04   1.18440087318420e+02 
 -1.80000000000000e+04   1.10000000000000e+04   1.17900083541870e+02 
 -1.80000000000000e+04   1.00000000000000e+04   1.17660081863403e+02 
 -1.80000000000000e+04   9.00000000000000e+03   1.17720082283020e+02 
 -1.80000000000000e+04   8.00000000000000e+03   1.18080084800720e+02 
 -1.80000000000000e+04   7.00000000000000e+03   1.18620088577271e+02 
 -1.80000000000000e+04   6.00000000000000e+03   1.19280093193054e+02 
 -1.80000000000000e+04   5.00000000000000e+03   1.20000098228455e+02 
 -1.80000000000000e+04   4.00000000000000e+03   1.20720103263855e+02 
 -1.80000000000000e+04   3.00000000000000e+03   1.27680151939392e+02 
 -1.80000000000000e+04   2.00000000000000e+03   1.00000000000000e+04 
 -1.80000000000000e+04   1.00000000000000e+03   1.00000000000000e+04 
 -1.80000000000000e+04  -0.00000000000000e+00   1.00000000000000e+04 
 -1.70000000000000e+04   1.80000000000000e+04   1.00000000000000e+04 
 -1.70000000000000e+04   1.70000000000000e+04   1.26900146484375e+02 
 -1.70000000000000e+04   1.60000000000000e+04   1.20480101585388e+02 
 -1.70000000000000e+04   1.50000000000000e+04   1.19520094871521e+02 
 -1.70000000000000e+04   1.40000000000000e+04   1.18440087318420e+02 
 -1.70000000000000e+04   1.30000000000000e+04   1.17300079345703e+02 
 -1.70000000000000e+04   1.20000000000000e+04   1.16160071372986e+02 
 -1.70000000000000e+04   1.10000000000000e+04   1.15260065078735e+02 
 -1.70000000000000e+04   1.00000000000000e+04   1.14780061721802e+02 
 -1.70000000000000e+04   9.00000000000000e+03   1.14900062561035e+02 
 -1.70000000000000e+04   8.00000000000000e+03   1.15620067596436e+02 
 -1.70000000000000e+04   7.00000000000000e+03   1.16640074729919e+02 
 -1.70000000000000e+04   6.00000000000000e+03   1.17780082702637e+02 
 -1.70000000000000e+04   5.00000000000000e+03   1.18860090255737e+02 
 -1.70000000000000e+04   4.00000000000000e+03   1.19820096969604e+02 
 -1.70000000000000e+04   3.00000000000000e+03   1.25760138511658e+02 
 -1.70000000000000e+04   2.00000000000000e+03   1.00000000000000e+04 
 -1.70000000000000e+04   1.00000000000000e+03   1.00000000000000e+04 
 -1.70000000000000e+04  -0.00000000000000e+00   1.00000000000000e+04 
 -1.60000000000000e+04   1.80000000000000e+04   1.00000000000000e+04 
 -1.60000000000000e+04   1.70000000000000e+04   1.25640137672424e+02 
 -1.60000000000000e+04   1.60000000000000e+04   1.19580095291138e+02 
 -1.60000000000000e+04   1.50000000000000e+04   1.18200085639954e+02 
 -1.60000000000000e+04   1.40000000000000e+04   1.16460073471069e+02 
 -1.60000000000000e+04   1.30000000000000e+04   1.14420059204102e+02 
 -1.60000000000000e+04   1.20000000000000e+04   1.12380044937134e+02 
 -1.60000000000000e+04   1.10000000000000e+04   1.11000035285950e+02 
 -1.60000000000000e+04   1.00000000000000e+04   1.10400031089783e+02 
 -1.60000000000000e+04   9.00000000000000e+03   1.10580032348633e+02 
 -1.60000000000000e+04   8.00000000000000e+03   1.11540039062500e+02 
 -1.60000000000000e+04   7.00000000000000e+03   1.13280051231384e+02 
 -1.60000000000000e+04   6.00000000000000e+03   1.15320065498352e+02 
 -1.60000000000000e+04   5.00000000000000e+03   1.17240078926086e+02 
 -1.60000000000000e+04   4.00000000000000e+03   1.18800089836121e+02 
 -1.60000000000000e+04   3.00000000000000e+03   1.24740131378174e+02 
 -1.60000000000000e+04   2.00000000000000e+03   1.00000000000000e+04 
 -1.60000000000000e+04   1.00000000000000e+03   1.00000000000000e+04 
 -1.60000000000000e+04  -0.00000000000000e+00   1.00000000000000e+04 
 -1.50000000000000e+04   1.80000000000000e+04   1.00000000000000e+04 
 -1.50000000000000e+04   1.70000000000000e+04   1.24800131797791e+02 
 -1.50000000000000e+04   1.60000000000000e+04   1.18440087318420e+02 
 -1.50000000000000e+04   1.50000000000000e+04   1.16220071792603e+02 
 -1.50000000000000e+04   1.40000000000000e+04   1.13220050811768e+02 
 -1.50000000000000e+04   1.30000000000000e+04   1.10160029411316e+02 
 -1.50000000000000e+04   1.20000000000000e+04   1.07820013046265e+02 
 -1.50000000000000e+04   1.10000000000000e+04   1.06200001716614e+02 
 -1.50000000000000e+04   1.00000000000000e+04   1.05599997520447e+02 
 -1.50000000000000e+04   9.00000000000000e+03   1.05719998359680e+02 
 -1.50000000000000e+04   8.00000000000000e+03   1.06920006752014e+02 
 -1.50000000000000e+04   7.00000000000000e+03   1.08900020599365e+02 
 -1.50000000000000e+04   6.00000000000000e+03   1.11600039482117e+02 
 -1.50000000000000e+04   5.00000000000000e+03   1.14720061302185e+02 
 -1.50000000000000e+04   4.00000000000000e+03   1.17300079345703e+02 
 -1.50000000000000e+04   3.00000000000000e+03   1.24020126342773e+02 
 -1.50000000000000e+04   2.00000000000000e+03   1.00000000000000e+04 
 -1.50000000000000e+04   1.00000000000000e+03   1.00000000000000e+04 
 -1.50000000000000e+04  -0.00000000000000e+00   1.00000000000000e+04 
 -1.40000000000000e+04   1.80000000000000e+04   1.00000000000000e+04 
 -1.40000000000000e+04   1.70000000000000e+04   1.24140127182007e+02 
 -1.40000000000000e+04   1.60000000000000e+04   1.16820075988770e+02 
 -1.40000000000000e+04   1.50000000000000e+04   1.13100049972534e+02 
 -1.40000000000000e+04   1.40000000000000e+04   1.09020021438599e+02 
 -1.40000000000000e+04   1.30000000000000e+04   1.05479997634888e+02 
 -1.40000000000000e+04   1.20000000000000e+04   1.02600000381470e+02 
 -1.40000000000000e+04   1.10000000000000e+04   1.00380000114441e+02 
 -1.40000000000000e+04   1.00000000000000e+04   9.94799985885620e+01 
 -1.40000000000000e+04   9.00000000000000e+03   9.98399991989136e+01 
 -1.40000000000000e+04   8.00000000000000e+03   1.01400001525879e+02 
 -1.40000000000000e+04   7.00000000000000e+03   1.03919999122620e+02 
 -1.40000000000000e+04   6.00000000000000e+03   1.07220008850098e+02 
 -1.40000000000000e+04   5.00000000000000e+03   1.11000035285950e+02 
 -1.40000000000000e+04   4.00000000000000e+03   1.15140064239502e+02 
 -1.40000000000000e+04   3.00000000000000e+03   1.23420122146606e+02 
 -1.40000000000000e+04   2.00000000000000e+03   1.00000000000000e+04 
 -1.40000000000000e+04   1.00000000000000e+03   1.00000000000000e+04 
 -1.40000000000000e+04  -0.00000000000000e+00   1.00000000000000e+04 
 -1.30000000000000e+04   1.80000000000000e+04   1.00000000000000e+04 
 -1.30000000000000e+04   1.70000000000000e+04   1.23600123405457e+02 
 -1.30000000000000e+04   1.60000000000000e+04   1.14360058784485e+02 
 -1.30000000000000e+04   1.50000000000000e+04   1.09200022697449e+02 
 -1.30000000000000e+04   1.40000000000000e+04   1.04399998664856e+02 
 -1.30000000000000e+04   1.30000000000000e+04   1.00019999504089e+02 
 -1.30000000000000e+04   1.20000000000000e+04   9.63599958419800e+01 
 -1.30000000000000e+04   1.10000000000000e+04   9.37199983596802e+01 
 -1.30000000000000e+04   1.00000000000000e+04   9.25199975967407e+01 
 -1.30000000000000e+04   9.00000000000000e+03   9.28199977874756e+01 
 -1.30000000000000e+04   8.00000000000000e+03   9.46799974441528e+01 
 -1.30000000000000e+04   7.00000000000000e+03   9.80399961471558e+01 
 -1.30000000000000e+04   6.00000000000000e+03   1.02240000724792e+02 
 -1.30000000000000e+04   5.00000000000000e+03   1.06980007171631e+02 
 -1.30000000000000e+04   4.00000000000000e+03   1.11960041999817e+02 
 -1.30000000000000e+04   3.00000000000000e+03   1.22940118789673e+02 
 -1.30000000000000e+04   2.00000000000000e+03   1.46100206375122e+02 
 -1.30000000000000e+04   1.00000000000000e+03   1.00000000000000e+04 
 -1.30000000000000e+04  -0.00000000000000e+00   1.00000000000000e+04 
 -1.20000000000000e+04   1.80000000000000e+04   1.00000000000000e+04 
 -1.20000000000000e+04   1.70000000000000e+04   1.23060119628906e+02 
 -1.20000000000000e+04   1.60000000000000e+04   1.11000035285950e+02 
 -1.20000000000000e+04   1.50000000000000e+04   1.05119997978210e+02 
 -1.20000000000000e+04   1.40000000000000e+04   9.92999982833862e+01 
 -1.20000000000000e+04   1.30000000000000e+04   9.37199983596802e+01 
 -1.20000000000000e+04   1.20000000000000e+04   8.90399971008301e+01 
 -1.20000000000000e+04   1.10000000000000e+04   8.56799993515015e+01 
 -1.20000000000000e+04   1.00000000000000e+04   8.39999990463257e+01 
 -1.20000000000000e+04   9.00000000000000e+03   8.48399991989136e+01 
 -1.20000000000000e+04   8.00000000000000e+03   8.72399988174438e+01 
 -1.20000000000000e+04   7.00000000000000e+03   9.13199968338013e+01 
 -1.20000000000000e+04   6.00000000000000e+03   9.65999956130981e+01 
 -1.20000000000000e+04   5.00000000000000e+03   1.02600000381470e+02 
 -1.20000000000000e+04   4.00000000000000e+03   1.08540018081665e+02 
 -1.20000000000000e+04   3.00000000000000e+03   1.22460115432739e+02 
 -1.20000000000000e+04   2.00000000000000e+03   1.30320170402527e+02 
 -1.20000000000000e+04   1.00000000000000e+03   1.00000000000000e+04 
 -1.20000000000000e+04  -0.00000000000000e+00   1.00000000000000e+04 
 -1.10000000000000e+04   1.80000000000000e+04   1.00000000000000e+04 
 -1.10000000000000e+04   1.70000000000000e+04   1.22580116271973e+02 
 -1.10000000000000e+04   1.60000000000000e+04   1.07640011787415e+02 
 -1.10000000000000e+04   1.50000000000000e+04   1.00560000419617e+02 
 -1.10000000000000e+04   1.40000000000000e+04   9.34199981689453e+01 
 -1.10000000000000e+04   1.30000000000000e+04   8.65199995040894e+01 
 -1.10000000000000e+04   1.20000000000000e+04   8.07600011825562e+01 
 -1.10000000000000e+04   1.10000000000000e+04   7.71000022888184e+01 
 -1.10000000000000e+04   1.00000000000000e+04   7.54200019836426e+01 
 -1.10000000000000e+04   9.00000000000000e+03   7.60200023651123e+01 
 -1.10000000000000e+04   8.00000000000000e+03   7.87200021743774e+01 
 -1.10000000000000e+04   7.00000000000000e+03   8.39999990463257e+01 
 -1.10000000000000e+04   6.00000000000000e+03   9.04199962615967e+01 
 -1.10000000000000e+04   5.00000000000000e+03   9.76799955368042e+01 
 -1.10000000000000e+04   4.00000000000000e+03   1.05119997978210e+02 
 -1.10000000000000e+04   3.00000000000000e+03   1.21980112075806e+02 
 -1.10000000000000e+04   2.00000000000000e+03   1.28160155296326e+02 
 -1.10000000000000e+04   1.00000000000000e+03   1.00000000000000e+04 
 -1.10000000000000e+04  -0.00000000000000e+00   1.00000000000000e+04 
 -1.00000000000000e+04   1.80000000000000e+04   1.00000000000000e+04 
 -1.00000000000000e+04   1.70000000000000e+04   1.22160113334656e+02 
 -1.00000000000000e+04   1.60000000000000e+04   1.04279998779297e+02 
 -1.00000000000000e+04   1.50000000000000e+04   9.56399965286255e+01 
 -1.00000000000000e+04   1.40000000000000e+04   8.68799991607666e+01 
 -1.00000000000000e+04   1.30000000000000e+04   7.87200021743774e+01 
 -1.00000000000000e+04   1.20000000000000e+04   7.23600006103516e+01 
 -1.00000000000000e+04   1.10000000000000e+04   6.75600004196167e+01 
 -1.00000000000000e+04   1.00000000000000e+04   6.53400001525879e+01 
 -1.00000000000000e+04   9.00000000000000e+03   6.61199998855591e+01 
 -1.00000000000000e+04   8.00000000000000e+03   6.97200012207031e+01 
 -1.00000000000000e+04   7.00000000000000e+03   7.60200023651123e+01 
 -1.00000000000000e+04   6.00000000000000e+03   8.35799989700317e+01 
 -1.00000000000000e+04   5.00000000000000e+03   9.25199975967407e+01 
 -1.00000000000000e+04   4.00000000000000e+03   1.01520001411438e+02 
 -1.00000000000000e+04   3.00000000000000e+03   1.21500108718872e+02 
 -1.00000000000000e+04   2.00000000000000e+03   1.27140148162842e+02 
 -1.00000000000000e+04   1.00000000000000e+03   1.00000000000000e+04 
 -1.00000000000000e+04  -0.00000000000000e+00   1.00000000000000e+04 
 -9.00000000000000e+03   1.80000000000000e+04   1.32480185508728e+02 
 -9.00000000000000e+03   1.70000000000000e+04   1.21680109977722e+02 
 -9.00000000000000e+03   1.60000000000000e+04   1.00740000724792e+02 
 -9.00000000000000e+03   1.50000000000000e+04   9.07199964523315e+01 
 -9.00000000000000e+03   1.40000000000000e+04   8.02800016403198e+01 
 -9.00000000000000e+03   1.30000000000000e+04   7.10400009155273e+01 
 -9.00000000000000e+03   1.20000000000000e+04   6.30000009536743e+01 
 -9.00000000000000e+03   1.10000000000000e+04   5.78400011062622e+01 
 -9.00000000000000e+03   1.00000000000000e+04   5.59800014495850e+01 
 -9.00000000000000e+03   9.00000000000000e+03   5.69400014877319e+01 
 -9.00000000000000e+03   8.00000000000000e+03   6.04800004959106e+01 
 -9.00000000000000e+03   7.00000000000000e+03   6.75600004196167e+01 
 -9.00000000000000e+03   6.00000000000000e+03   7.65600023269653e+01 
 -9.00000000000000e+03   5.00000000000000e+03   8.72399988174438e+01 
 -9.00000000000000e+03   4.00000000000000e+03   9.80399961471558e+01 
 -9.00000000000000e+03   3.00000000000000e+03   1.21080105781555e+02 
 -9.00000000000000e+03   2.00000000000000e+03   1.26420143127441e+02 
 -9.00000000000000e+03   1.00000000000000e+03   1.00000000000000e+04 
 -9.00000000000000e+03  -0.00000000000000e+00   1.00000000000000e+04 
 -8.00000000000000e+03   1.80000000000000e+04   1.29060161590576e+02 
 -8.00000000000000e+03   1.70000000000000e+04   1.21260107040405e+02 
 -8.00000000000000e+03   1.60000000000000e+04   9.74999952316284e+01 
 -8.00000000000000e+03   1.50000000000000e+04   8.56799993515015e+01 
 -8.00000000000000e+03   1.40000000000000e+04   7.36200008392334e+01 
 -8.00000000000000e+03   1.30000000000000e+04   6.30000009536743e+01 
 -8.00000000000000e+03   1.20000000000000e+04   5.40600013732910e+01 
 -8.00000000000000e+03   1.10000000000000e+04   4.78800001144409e+01 
 -8.00000000000000e+03   1.00000000000000e+04   4.56599998474121e+01 
 -8.00000000000000e+03   9.00000000000000e+03   4.68000001907349e+01 
 -8.00000000000000e+03   8.00000000000000e+03   5.10600004196167e+01 
 -8.00000000000000e+03   7.00000000000000e+03   5.96400003433228e+01 
 -8.00000000000000e+03   6.00000000000000e+03   6.97200012207031e+01 
 -8.00000000000000e+03   5.00000000000000e+03   8.17200002670288e+01 
 -8.00000000000000e+03   4.00000000000000e+03   9.44399976730347e+01 
 -8.00000000000000e+03   3.00000000000000e+03   1.20600102424622e+02 
 -8.00000000000000e+03   2.00000000000000e+03   1.25940139770508e+02 
 -8.00000000000000e+03   1.00000000000000e+03   1.00000000000000e+04 
 -8.00000000000000e+03  -0.00000000000000e+00   1.00000000000000e+04 
 -7.00000000000000e+03   1.80000000000000e+04   1.27980154037476e+02 
 -7.00000000000000e+03   1.70000000000000e+04   1.20900104522705e+02 
 -7.00000000000000e+03   1.60000000000000e+04   9.41999979019165e+01 
 -7.00000000000000e+03   1.50000000000000e+04   8.02800016403198e+01 
 -7.00000000000000e+03   1.40000000000000e+04   6.75600004196167e+01 
 -7.00000000000000e+03   1.30000000000000e+04   5.50200014114380e+01 
 -7.00000000000000e+03   1.20000000000000e+04   4.56599998474121e+01 
 -7.00000000000000e+03   1.10000000000000e+04   3.84599990844727e+01 
 -7.00000000000000e+03   1.00000000000000e+04   3.58799991607666e+01 
 -7.00000000000000e+03   9.00000000000000e+03   3.71999988555908e+01 
 -7.00000000000000e+03   8.00000000000000e+03   4.21799993515015e+01 
 -7.00000000000000e+03   7.00000000000000e+03   5.10600004196167e+01 
 -7.00000000000000e+03   6.00000000000000e+03   6.30000009536743e+01 
 -7.00000000000000e+03   5.00000000000000e+03   7.65600023269653e+01 
 -7.00000000000000e+03   4.00000000000000e+03   9.10199966430664e+01 
 -7.00000000000000e+03   3.00000000000000e+03   1.20120099067688e+02 
 -7.00000000000000e+03   2.00000000000000e+03   1.25460136413574e+02 
 -7.00000000000000e+03   1.00000000000000e+03   1.00000000000000e+04 
 -7.00000000000000e+03  -0.00000000000000e+00   1.00000000000000e+04 
 -6.00000000000000e+03   1.80000000000000e+04   1.27320149421692e+02 
 -6.00000000000000e+03   1.70000000000000e+04   1.20480101585388e+02 
 -6.00000000000000e+03   1.60000000000000e+04   9.13199968338013e+01 
 -6.00000000000000e+03   1.50000000000000e+04   7.60200023651123e+01 
 -6.00000000000000e+03   1.40000000000000e+04   6.13200006484985e+01 
 -6.00000000000000e+03   1.30000000000000e+04   4.78800001144409e+01 
 -6.00000000000000e+03   1.20000000000000e+04   3.71999988555908e+01 
 -6.00000000000000e+03   1.10000000000000e+04   3.04199991226196e+01 
 -6.00000000000000e+03   1.00000000000000e+04   2.60399999618530e+01 
 -6.00000000000000e+03   9.00000000000000e+03   2.75399999618530e+01 
 -6.00000000000000e+03   8.00000000000000e+03   3.45599994659424e+01 
 -6.00000000000000e+03   7.00000000000000e+03   4.33799991607666e+01 
 -6.00000000000000e+03   6.00000000000000e+03   5.69400014877319e+01 
 -6.00000000000000e+03   5.00000000000000e+03   7.17000007629395e+01 
 -6.00000000000000e+03   4.00000000000000e+03   8.79599981307983e+01 
 -6.00000000000000e+03   3.00000000000000e+03   1.19700096130371e+02 
 -6.00000000000000e+03   2.00000000000000e+03   1.25160134315491e+02 
 -6.00000000000000e+03   1.00000000000000e+03   1.00000000000000e+04 
 -6.00000000000000e+03  -0.00000000000000e+00   1.00000000000000e+04 
 -5.00000000000000e+03   1.80000000000000e+04   1.26840146064758e+02 
 -5.00000000000000e+03   1.70000000000000e+04   1.20120099067688e+02 
 -5.00000000000000e+03   1.60000000000000e+04   8.86799974441528e+01 
 -5.00000000000000e+03   1.50000000000000e+04   7.17000007629395e+01 
 -5.00000000000000e+03   1.40000000000000e+04   5.50200014114380e+01 
 -5.00000000000000e+03   1.30000000000000e+04   4.09799995422363e+01 
 -5.00000000000000e+03   1.20000000000000e+04   3.04199991226196e+01 
 -5.00000000000000e+03   1.10000000000000e+04   2.14199991226196e+01 
 -5.00000000000000e+03   1.00000000000000e+04   1.81799993515015e+01 
 -5.00000000000000e+03   9.00000000000000e+03   1.97999992370605e+01 
 -5.00000000000000e+03   8.00000000000000e+03   2.60399999618530e+01 
 -5.00000000000000e+03   7.00000000000000e+03   3.71999988555908e+01 
 -5.00000000000000e+03   6.00000000000000e+03   5.10600004196167e+01 
 -5.00000000000000e+03   5.00000000000000e+03   6.68400001525879e+01 
 -5.00000000000000e+03   4.00000000000000e+03   8.52599992752075e+01 
 -5.00000000000000e+03   3.00000000000000e+03   1.19220092773438e+02 
 -5.00000000000000e+03   2.00000000000000e+03   1.24860132217407e+02 
 -5.00000000000000e+03   1.00000000000000e+03   1.00000000000000e+04 
 -5.00000000000000e+03  -0.00000000000000e+00   1.00000000000000e+04 
 -4.00000000000000e+03   1.80000000000000e+04   1.26480143547058e+02 
 -4.00000000000000e+03   1.70000000000000e+04   1.19760096549988e+02 
 -4.00000000000000e+03   1.60000000000000e+04   8.60999994277954e+01 
 -4.00000000000000e+03   1.50000000000000e+04   6.75600004196167e+01 
 -4.00000000000000e+03   1.40000000000000e+04   5.10600004196167e+01 
 -4.00000000000000e+03   1.30000000000000e+04   3.58799991607666e+01 
 -4.00000000000000e+03   1.20000000000000e+04   2.29799995422363e+01 
 -4.00000000000000e+03   1.10000000000000e+04   1.48199987411499e+01 
 -4.00000000000000e+03   1.00000000000000e+04   1.13399991989136e+01 
 -4.00000000000000e+03   9.00000000000000e+03   1.30799989700317e+01 
 -4.00000000000000e+03   8.00000000000000e+03   1.97999992370605e+01 
 -4.00000000000000e+03   7.00000000000000e+03   3.17999992370605e+01 
 -4.00000000000000e+03   6.00000000000000e+03   4.56599998474121e+01 
 -4.00000000000000e+03   5.00000000000000e+03   6.30000009536743e+01 
 -4.00000000000000e+03   4.00000000000000e+03   8.26799993515015e+01 
 -4.00000000000000e+03   3.00000000000000e+03   1.18800089836121e+02 
 -4.00000000000000e+03   2.00000000000000e+03   1.24620130538940e+02 
 -4.00000000000000e+03   1.00000000000000e+03   1.00000000000000e+04 
 -4.00000000000000e+03  -0.00000000000000e+00   1.00000000000000e+04 
 -3.00000000000000e+03   1.80000000000000e+04   1.26240141868591e+02 
 -3.00000000000000e+03   1.70000000000000e+04   1.19460094451904e+02 
 -3.00000000000000e+03   1.60000000000000e+04   8.44199991226196e+01 
 -3.00000000000000e+03   1.50000000000000e+04   6.45600004196167e+01 
 -3.00000000000000e+03   1.40000000000000e+04   4.68000001907349e+01 
 -3.00000000000000e+03   1.30000000000000e+04   3.04199991226196e+01 
 -3.00000000000000e+03   1.20000000000000e+04   1.81799993515015e+01 
 -3.00000000000000e+03   1.10000000000000e+04   9.53999900817871e+00 
 -3.00000000000000e+03   1.00000000000000e+04   5.81999969482422e+00 
 -3.00000000000000e+03   9.00000000000000e+03   7.67999935150146e+00 
 -3.00000000000000e+03   8.00000000000000e+03   1.48199987411499e+01 
 -3.00000000000000e+03   7.00000000000000e+03   2.60399999618530e+01 
 -3.00000000000000e+03   6.00000000000000e+03   4.21799993515015e+01 
 -3.00000000000000e+03   5.00000000000000e+03   6.04800004959106e+01 
 -3.00000000000000e+03   4.00000000000000e+03   8.07600011825562e+01 
 -3.00000000000000e+03   3.00000000000000e+03   1.18440087318420e+02 
 -3.00000000000000e+03   2.00000000000000e+03   1.24440129280090e+02 
 -3.00000000000000e+03   1.00000000000000e+03   1.75320202827454e+02 
 -3.00000000000000e+03  -0.00000000000000e+00   1.00000000000000e+04 
 -2.00000000000000e+03   1.80000000000000e+04   1.26060140609741e+02 
 -2.00000000000000e+03   1.70000000000000e+04   1.19280093193054e+02 
 -2.00000000000000e+03   1.60000000000000e+04   8.26799993515015e+01 
 -2.00000000000000e+03   1.50000000000000e+04   6.21600008010864e+01 
 -2.00000000000000e+03   1.40000000000000e+04   4.33799991607666e+01 
 -2.00000000000000e+03   1.30000000000000e+04   2.75399999618530e+01 
 -2.00000000000000e+03   1.20000000000000e+04   1.48199987411499e+01 
 -2.00000000000000e+03   1.10000000000000e+04   5.81999969482422e+00 
 -2.00000000000000e+03   1.00000000000000e+04   1.97999954223633e+00 
 -2.00000000000000e+03   9.00000000000000e+03   3.89999961853027e+00 
 -2.00000000000000e+03   8.00000000000000e+03   1.13399991989136e+01 
 -2.00000000000000e+03   7.00000000000000e+03   2.29799995422363e+01 
 -2.00000000000000e+03   6.00000000000000e+03   3.84599990844727e+01 
 -2.00000000000000e+03   5.00000000000000e+03   5.78400011062622e+01 
 -2.00000000000000e+03   4.00000000000000e+03   7.92600021362305e+01 
 -2.00000000000000e+03   3.00000000000000e+03   1.18140085220337e+02 
 -2.00000000000000e+03   2.00000000000000e+03   1.24320128440857e+02 
 -2.00000000000000e+03   1.00000000000000e+03   1.63260201454163e+02 
 -2.00000000000000e+03  -0.00000000000000e+00   1.00000000000000e+04 
 -1.00000000000000e+03   1.80000000000000e+04   1.25940139770508e+02 
 -1.00000000000000e+03   1.70000000000000e+04   1.19100091934204e+02 
 -1.00000000000000e+03   1.60000000000000e+04   8.21999998092651e+01 
 -1.00000000000000e+03   1.50000000000000e+04   6.13200006484985e+01 
 -1.00000000000000e+03   1.40000000000000e+04   4.21799993515015e+01 
 -1.00000000000000e+03   1.30000000000000e+04   2.45399999618530e+01 
 -1.00000000000000e+03   1.20000000000000e+04   1.13399991989136e+01 
 -1.00000000000000e+03   1.10000000000000e+04   1.97999954223633e+00 
 -1.00000000000000e+03   1.00000000000000e+04   0.00000000000000e+00 
 -1.00000000000000e+03   9.00000000000000e+03   1.97999954223633e+00 
 -1.00000000000000e+03   8.00000000000000e+03   7.67999935150146e+00 
 -1.00000000000000e+03   7.00000000000000e+03   2.14199991226196e+01 
 -1.00000000000000e+03   6.00000000000000e+03   3.71999988555908e+01 
 -1.00000000000000e+03   5.00000000000000e+03   5.69400014877319e+01 
 -1.00000000000000e+03   4.00000000000000e+03   7.81800022125244e+01 
 -1.00000000000000e+03   3.00000000000000e+03   1.18020084381104e+02 
 -1.00000000000000e+03   2.00000000000000e+03   1.24260128021240e+02 
 -1.00000000000000e+03   1.00000000000000e+03   1.57380204200745e+02 
 -1.00000000000000e+03  -0.00000000000000e+00   1.00000000000000e+04 
  0.00000000000000e+00   1.80000000000000e+04   1.25940139770508e+02 
  0.00000000000000e+00   1.70000000000000e+04   1.19100091934204e+02 
  0.00000000000000e+00   1.60000000000000e+04   8.17200002670288e+01 
  0.00000000000000e+00   1.50000000000000e+04   6.04800004959106e+01 
  0.00000000000000e+00   1.40000000000000e+04   4.09799995422363e+01 
  0.00000000000000e+00   1.30000000000000e+04   2.45399999618530e+01 
  0.00000000000000e+00   1.20000000000000e+04   1.13399991989136e+01 
  0.00000000000000e+00   1.10000000000000e+04   1.97999954223633e+00 
  0.00000000000000e+00   1.00000000000000e+04   1.00000000000000e+04 
  0.00000000000000e+00   9.00000000000000e+03   0.00000000000000e+00 
  0.00000000000000e+00   8.00000000000000e+03   7.67999935150146e+00 
  0.00000000000000e+00   7.00000000000000e+03   1.97999992370605e+01 
  0.00000000000000e+00   6.00000000000000e+03   3.71999988555908e+01 
  0.00000000000000e+00   5.00000000000000e+03   5.59800014495850e+01 
  0.00000000000000e+00   4.00000000000000e+03   7.81800022125244e+01 
  0.00000000000000e+00   3.00000000000000e+03   1.17960083961487e+02 
  0.00000000000000e+00   2.00000000000000e+03   1.24260128021240e+02 
  0.00000000000000e+00   1.00000000000000e+03   1.56540204048157e+02 
  0.00000000000000e+00  -0.00000000000000e+00   1.00000000000000e+04 
  1.00000000000000e+03   1.80000000000000e+04   1.26000140190125e+02 
  1.00000000000000e+03   1.70000000000000e+04   1.19100091934204e+02 
  1.00000000000000e+03   1.60000000000000e+04   8.21999998092651e+01 
  1.00000000000000e+03   1.50000000000000e+04   6.13200006484985e+01 
  1.00000000000000e+03   1.40000000000000e+04   4.21799993515015e+01 
  1.00000000000000e+03   1.30000000000000e+04   2.45399999618530e+01 
  1.00000000000000e+03   1.20000000000000e+04   1.13399991989136e+01 
  1.00000000000000e+03   1.10000000000000e+04   1.97999954223633e+00 
  1.00000000000000e+03   1.00000000000000e+04   0.00000000000000e+00 
  1.00000000000000e+03   9.00000000000000e+03   1.97999954223633e+00 
  1.00000000000000e+03   8.00000000000000e+03   9.53999900817871e+00 
  1.00000000000000e+03   7.00000000000000e+03   2.14199991226196e+01 
  1.00000000000000e+03   6.00000000000000e+03   3.71999988555908e+01 
  1.00000000000000e+03   5.00000000000000e+03   5.69400014877319e+01 
  1.00000000000000e+03   4.00000000000000e+03   7.87200021743774e+01 
  1.00000000000000e+03   3.00000000000000e+03   1.18020084381104e+02 
  1.00000000000000e+03   2.00000000000000e+03   1.24260128021240e+02 
  1.00000000000000e+03   1.00000000000000e+03   1.61340203285217e+02 
  1.00000000000000e+03  -0.00000000000000e+00   1.00000000000000e+04 
  2.00000000000000e+03   1.80000000000000e+04   1.26060140609741e+02 
  2.00000000000000e+03   1.70000000000000e+04   1.19280093193054e+02 
  2.00000000000000e+03   1.60000000000000e+04   8.31599988937378e+01 
  2.00000000000000e+03   1.50000000000000e+04   6.30000009536743e+01 
  2.00000000000000e+03   1.40000000000000e+04   4.33799991607666e+01 
  2.00000000000000e+03   1.30000000000000e+04   2.75399999618530e+01 
  2.00000000000000e+03   1.20000000000000e+04   1.30799989700317e+01 
  2.00000000000000e+03   1.10000000000000e+04   5.81999969482422e+00 
  2.00000000000000e+03   1.00000000000000e+04   1.97999954223633e+00 
  2.00000000000000e+03   9.00000000000000e+03   3.89999961853027e+00 
  2.00000000000000e+03   8.00000000000000e+03   1.13399991989136e+01 
  2.00000000000000e+03   7.00000000000000e+03   2.29799995422363e+01 
  2.00000000000000e+03   6.00000000000000e+03   3.97199993133545e+01 
  2.00000000000000e+03   5.00000000000000e+03   5.87400007247925e+01 
  2.00000000000000e+03   4.00000000000000e+03   7.98000020980835e+01 
  2.00000000000000e+03   3.00000000000000e+03   1.18260086059570e+02 
  2.00000000000000e+03   2.00000000000000e+03   1.24440129280090e+02 
  2.00000000000000e+03   1.00000000000000e+03   1.65840200424194e+02 
  2.00000000000000e+03  -0.00000000000000e+00   1.00000000000000e+04 
  3.00000000000000e+03   1.80000000000000e+04   1.26300142288208e+02 
  3.00000000000000e+03   1.70000000000000e+04   1.19460094451904e+02 
  3.00000000000000e+03   1.60000000000000e+04   8.44199991226196e+01 
  3.00000000000000e+03   1.50000000000000e+04   6.45600004196167e+01 
  3.00000000000000e+03   1.40000000000000e+04   4.68000001907349e+01 
  3.00000000000000e+03   1.30000000000000e+04   3.04199991226196e+01 
  3.00000000000000e+03   1.20000000000000e+04   1.81799993515015e+01 
  3.00000000000000e+03   1.10000000000000e+04   9.53999900817871e+00 
  3.00000000000000e+03   1.00000000000000e+04   5.81999969482422e+00 
  3.00000000000000e+03   9.00000000000000e+03   7.67999935150146e+00 
  3.00000000000000e+03   8.00000000000000e+03   1.48199987411499e+01 
  3.00000000000000e+03   7.00000000000000e+03   2.75399999618530e+01 
  3.00000000000000e+03   6.00000000000000e+03   4.21799993515015e+01 
  3.00000000000000e+03   5.00000000000000e+03   6.04800004959106e+01 
  3.00000000000000e+03   4.00000000000000e+03   8.12400007247925e+01 
  3.00000000000000e+03   3.00000000000000e+03   1.18560088157654e+02 
  3.00000000000000e+03   2.00000000000000e+03   1.24500129699707e+02 
  3.00000000000000e+03   1.00000000000000e+03   1.84560203552246e+02 
  3.00000000000000e+03  -0.00000000000000e+00   1.00000000000000e+04 
  4.00000000000000e+03   1.80000000000000e+04   1.26480143547058e+02 
  4.00000000000000e+03   1.70000000000000e+04   1.19760096549988e+02 
  4.00000000000000e+03   1.60000000000000e+04   8.60999994277954e+01 
  4.00000000000000e+03   1.50000000000000e+04   6.75600004196167e+01 
  4.00000000000000e+03   1.40000000000000e+04   5.10600004196167e+01 
  4.00000000000000e+03   1.30000000000000e+04   3.58799991607666e+01 
  4.00000000000000e+03   1.20000000000000e+04   2.29799995422363e+01 
  4.00000000000000e+03   1.10000000000000e+04   1.48199987411499e+01 
  4.00000000000000e+03   1.00000000000000e+04   1.13399991989136e+01 
  4.00000000000000e+03   9.00000000000000e+03   1.30799989700317e+01 
  4.00000000000000e+03   8.00000000000000e+03   1.97999992370605e+01 
  4.00000000000000e+03   7.00000000000000e+03   3.17999992370605e+01 
  4.00000000000000e+03   6.00000000000000e+03   4.68000001907349e+01 
  4.00000000000000e+03   5.00000000000000e+03   6.37800006866455e+01 
  4.00000000000000e+03   4.00000000000000e+03   8.31599988937378e+01 
  4.00000000000000e+03   3.00000000000000e+03   1.18920090675354e+02 
  4.00000000000000e+03   2.00000000000000e+03   1.24680130958557e+02 
  4.00000000000000e+03   1.00000000000000e+03   1.00000000000000e+04 
  4.00000000000000e+03  -0.00000000000000e+00   1.00000000000000e+04 
  5.00000000000000e+03   1.80000000000000e+04   1.26840146064758e+02 
  5.00000000000000e+03   1.70000000000000e+04   1.20120099067688e+02 
  5.00000000000000e+03   1.60000000000000e+04   8.86799974441528e+01 
  5.00000000000000e+03   1.50000000000000e+04   7.17000007629395e+01 
  5.00000000000000e+03   1.40000000000000e+04   5.59800014495850e+01 
  5.00000000000000e+03   1.30000000000000e+04   4.09799995422363e+01 
  5.00000000000000e+03   1.20000000000000e+04   3.04199991226196e+01 
  5.00000000000000e+03   1.10000000000000e+04   2.14199991226196e+01 
  5.00000000000000e+03   1.00000000000000e+04   1.97999992370605e+01 
  5.00000000000000e+03   9.00000000000000e+03   2.14199991226196e+01 
  5.00000000000000e+03   8.00000000000000e+03   2.75399999618530e+01 
  5.00000000000000e+03   7.00000000000000e+03   3.71999988555908e+01 
  5.00000000000000e+03   6.00000000000000e+03   5.20800008773804e+01 
  5.00000000000000e+03   5.00000000000000e+03   6.82800006866455e+01 
  5.00000000000000e+03   4.00000000000000e+03   8.56799993515015e+01 
  5.00000000000000e+03   3.00000000000000e+03   1.19340093612671e+02 
  5.00000000000000e+03   2.00000000000000e+03   1.24920132637024e+02 
  5.00000000000000e+03   1.00000000000000e+03   1.00000000000000e+04 
  5.00000000000000e+03  -0.00000000000000e+00   1.00000000000000e+04 
  6.00000000000000e+03   1.80000000000000e+04   1.27320149421692e+02 
  6.00000000000000e+03   1.70000000000000e+04   1.20480101585388e+02 
  6.00000000000000e+03   1.60000000000000e+04   9.13199968338013e+01 
  6.00000000000000e+03   1.50000000000000e+04   7.60200023651123e+01 
  6.00000000000000e+03   1.40000000000000e+04   6.13200006484985e+01 
  6.00000000000000e+03   1.30000000000000e+04   4.78800001144409e+01 
  6.00000000000000e+03   1.20000000000000e+04   3.71999988555908e+01 
  6.00000000000000e+03   1.10000000000000e+04   3.04199991226196e+01 
  6.00000000000000e+03   1.00000000000000e+04   2.75399999618530e+01 
  6.00000000000000e+03   9.00000000000000e+03   2.89799995422363e+01 
  6.00000000000000e+03   8.00000000000000e+03   3.45599994659424e+01 
  6.00000000000000e+03   7.00000000000000e+03   4.45199995040894e+01 
  6.00000000000000e+03   6.00000000000000e+03   5.69400014877319e+01 
  6.00000000000000e+03   5.00000000000000e+03   7.23600006103516e+01 
  6.00000000000000e+03   4.00000000000000e+03   8.83199977874756e+01 
  6.00000000000000e+03   3.00000000000000e+03   1.19760096549988e+02 
  6.00000000000000e+03   2.00000000000000e+03   1.25220134735107e+02 
  6.00000000000000e+03   1.00000000000000e+03   1.00000000000000e+04 
  6.00000000000000e+03  -0.00000000000000e+00   1.00000000000000e+04 
  7.00000000000000e+03   1.80000000000000e+04   1.28100154876709e+02 
  7.00000000000000e+03   1.70000000000000e+04   1.20900104522705e+02 
  7.00000000000000e+03   1.60000000000000e+04   9.44399976730347e+01 
  7.00000000000000e+03   1.50000000000000e+04   8.07600011825562e+01 
  7.00000000000000e+03   1.40000000000000e+04   6.68400001525879e+01 
  7.00000000000000e+03   1.30000000000000e+04   5.50200014114380e+01 
  7.00000000000000e+03   1.20000000000000e+04   4.56599998474121e+01 
  7.00000000000000e+03   1.10000000000000e+04   3.97199993133545e+01 
  7.00000000000000e+03   1.00000000000000e+04   3.58799991607666e+01 
  7.00000000000000e+03   9.00000000000000e+03   3.71999988555908e+01 
  7.00000000000000e+03   8.00000000000000e+03   4.33799991607666e+01 
  7.00000000000000e+03   7.00000000000000e+03   5.20800008773804e+01 
  7.00000000000000e+03   6.00000000000000e+03   6.37800006866455e+01 
  7.00000000000000e+03   5.00000000000000e+03   7.71000022888184e+01 
  7.00000000000000e+03   4.00000000000000e+03   9.16199970245361e+01 
  7.00000000000000e+03   3.00000000000000e+03   1.20180099487305e+02 
  7.00000000000000e+03   2.00000000000000e+03   1.25520136833191e+02 
  7.00000000000000e+03   1.00000000000000e+03   1.00000000000000e+04 
  7.00000000000000e+03  -0.00000000000000e+00   1.00000000000000e+04 
  8.00000000000000e+03   1.80000000000000e+04   1.29120162010193e+02 
  8.00000000000000e+03   1.70000000000000e+04   1.21320107460022e+02 
  8.00000000000000e+03   1.60000000000000e+04   9.74999952316284e+01 
  8.00000000000000e+03   1.50000000000000e+04   8.56799993515015e+01 
  8.00000000000000e+03   1.40000000000000e+04   7.36200008392334e+01 
  8.00000000000000e+03   1.30000000000000e+04   6.30000009536743e+01 
  8.00000000000000e+03   1.20000000000000e+04   5.40600013732910e+01 
  8.00000000000000e+03   1.10000000000000e+04   4.89600000381470e+01 
  8.00000000000000e+03   1.00000000000000e+04   4.56599998474121e+01 
  8.00000000000000e+03   9.00000000000000e+03   4.68000001907349e+01 
  8.00000000000000e+03   8.00000000000000e+03   5.20800008773804e+01 
  8.00000000000000e+03   7.00000000000000e+03   5.96400003433228e+01 
  8.00000000000000e+03   6.00000000000000e+03   7.03800010681152e+01 
  8.00000000000000e+03   5.00000000000000e+03   8.21999998092651e+01 
  8.00000000000000e+03   4.00000000000000e+03   9.46799974441528e+01 
  8.00000000000000e+03   3.00000000000000e+03   1.20660102844238e+02 
  8.00000000000000e+03   2.00000000000000e+03   1.25940139770508e+02 
  8.00000000000000e+03   1.00000000000000e+03   1.00000000000000e+04 
  8.00000000000000e+03  -0.00000000000000e+00   1.00000000000000e+04 
  9.00000000000000e+03   1.80000000000000e+04   1.32120182991028e+02 
  9.00000000000000e+03   1.70000000000000e+04   1.21680109977722e+02 
  9.00000000000000e+03   1.60000000000000e+04   1.00920001029968e+02 
  9.00000000000000e+03   1.50000000000000e+04   9.07199964523315e+01 
  9.00000000000000e+03   1.40000000000000e+04   8.02800016403198e+01 
  9.00000000000000e+03   1.30000000000000e+04   7.10400009155273e+01 
  9.00000000000000e+03   1.20000000000000e+04   6.37800006866455e+01 
  9.00000000000000e+03   1.10000000000000e+04   5.87400007247925e+01 
  9.00000000000000e+03   1.00000000000000e+04   5.59800014495850e+01 
  9.00000000000000e+03   9.00000000000000e+03   5.69400014877319e+01 
  9.00000000000000e+03   8.00000000000000e+03   6.13200006484985e+01 
  9.00000000000000e+03   7.00000000000000e+03   6.82800006866455e+01 
  9.00000000000000e+03   6.00000000000000e+03   7.71000022888184e+01 
  9.00000000000000e+03   5.00000000000000e+03   8.75999984741211e+01 
  9.00000000000000e+03   4.00000000000000e+03   9.82199964523315e+01 
  9.00000000000000e+03   3.00000000000000e+03   1.21080105781555e+02 
  9.00000000000000e+03   2.00000000000000e+03   1.26480143547058e+02 
  9.00000000000000e+03   1.00000000000000e+03   1.00000000000000e+04 
  9.00000000000000e+03  -0.00000000000000e+00   1.00000000000000e+04 
  1.00000000000000e+04   1.80000000000000e+04   1.00000000000000e+04 
  1.00000000000000e+04   1.70000000000000e+04   1.22100112915039e+02 
  1.00000000000000e+04   1.60000000000000e+04   1.04159998893738e+02 
  1.00000000000000e+04   1.50000000000000e+04   9.56399965286255e+01 
  1.00000000000000e+04   1.40000000000000e+04   8.68799991607666e+01 
  1.00000000000000e+04   1.30000000000000e+04   7.92600021362305e+01 
  1.00000000000000e+04   1.20000000000000e+04   7.23600006103516e+01 
  1.00000000000000e+04   1.10000000000000e+04   6.75600004196167e+01 
  1.00000000000000e+04   1.00000000000000e+04   6.61199998855591e+01 
  1.00000000000000e+04   9.00000000000000e+03   6.68400001525879e+01 
  1.00000000000000e+04   8.00000000000000e+03   7.03800010681152e+01 
  1.00000000000000e+04   7.00000000000000e+03   7.65600023269653e+01 
  1.00000000000000e+04   6.00000000000000e+03   8.39999990463257e+01 
  1.00000000000000e+04   5.00000000000000e+03   9.28199977874756e+01 
  1.00000000000000e+04   4.00000000000000e+03   1.01760001182556e+02 
  1.00000000000000e+04   3.00000000000000e+03   1.21560109138489e+02 
  1.00000000000000e+04   2.00000000000000e+03   1.27140148162842e+02 
  1.00000000000000e+04   1.00000000000000e+03   1.00000000000000e+04 
  1.00000000000000e+04  -0.00000000000000e+00   1.00000000000000e+04 
  1.10000000000000e+04   1.80000000000000e+04   1.00000000000000e+04 
  1.10000000000000e+04   1.70000000000000e+04   1.22580116271973e+02 
  1.10000000000000e+04   1.60000000000000e+04   1.07520010948181e+02 
  1.10000000000000e+04   1.50000000000000e+04   1.00560000419617e+02 
  1.10000000000000e+04   1.40000000000000e+04   9.34199981689453e+01 
  1.10000000000000e+04   1.30000000000000e+04   8.65199995040894e+01 
  1.10000000000000e+04   1.20000000000000e+04   8.12400007247925e+01 
  1.10000000000000e+04   1.10000000000000e+04   7.71000022888184e+01 
  1.10000000000000e+04   1.00000000000000e+04   7.54200019836426e+01 
  1.10000000000000e+04   9.00000000000000e+03   7.65600023269653e+01 
  1.10000000000000e+04   8.00000000000000e+03   7.98000020980835e+01 
  1.10000000000000e+04   7.00000000000000e+03   8.44199991226196e+01 
  1.10000000000000e+04   6.00000000000000e+03   9.07199964523315e+01 
  1.10000000000000e+04   5.00000000000000e+03   9.80399961471558e+01 
  1.10000000000000e+04   4.00000000000000e+03   1.05359997749329e+02 
  1.10000000000000e+04   3.00000000000000e+03   1.21980112075806e+02 
  1.10000000000000e+04   2.00000000000000e+03   1.28100154876709e+02 
  1.10000000000000e+04   1.00000000000000e+03   1.00000000000000e+04 
  1.10000000000000e+04  -0.00000000000000e+00   1.00000000000000e+04 
  1.20000000000000e+04   1.80000000000000e+04   1.00000000000000e+04 
  1.20000000000000e+04   1.70000000000000e+04   1.23000119209290e+02 
  1.20000000000000e+04   1.60000000000000e+04   1.10940034866333e+02 
  1.20000000000000e+04   1.50000000000000e+04   1.04999998092651e+02 
  1.20000000000000e+04   1.40000000000000e+04   9.92999982833862e+01 
  1.20000000000000e+04   1.30000000000000e+04   9.37199983596802e+01 
  1.20000000000000e+04   1.20000000000000e+04   8.90399971008301e+01 
  1.20000000000000e+04   1.10000000000000e+04   8.60999994277954e+01 
  1.20000000000000e+04   1.00000000000000e+04   8.44199991226196e+01 
  1.20000000000000e+04   9.00000000000000e+03   8.52599992752075e+01 
  1.20000000000000e+04   8.00000000000000e+03   8.75999984741211e+01 
  1.20000000000000e+04   7.00000000000000e+03   9.19199972152710e+01 
  1.20000000000000e+04   6.00000000000000e+03   9.70799951553345e+01 
  1.20000000000000e+04   5.00000000000000e+03   1.02840000152588e+02 
  1.20000000000000e+04   4.00000000000000e+03   1.08720019340515e+02 
  1.20000000000000e+04   3.00000000000000e+03   1.22460115432739e+02 
  1.20000000000000e+04   2.00000000000000e+03   1.30140169143677e+02 
  1.20000000000000e+04   1.00000000000000e+03   1.00000000000000e+04 
  1.20000000000000e+04  -0.00000000000000e+00   1.00000000000000e+04 
  1.30000000000000e+04   1.80000000000000e+04   1.00000000000000e+04 
  1.30000000000000e+04   1.70000000000000e+04   1.23540122985840e+02 
  1.30000000000000e+04   1.60000000000000e+04   1.14240057945251e+02 
  1.30000000000000e+04   1.50000000000000e+04   1.09200022697449e+02 
  1.30000000000000e+04   1.40000000000000e+04   1.04519998550415e+02 
  1.30000000000000e+04   1.30000000000000e+04   1.00199999809265e+02 
  1.30000000000000e+04   1.20000000000000e+04   9.63599958419800e+01 
  1.30000000000000e+04   1.10000000000000e+04   9.37199983596802e+01 
  1.30000000000000e+04   1.00000000000000e+04   9.28199977874756e+01 
  1.30000000000000e+04   9.00000000000000e+03   9.31199979782104e+01 
  1.30000000000000e+04   8.00000000000000e+03   9.51599969863892e+01 
  1.30000000000000e+04   7.00000000000000e+03   9.83999967575073e+01 
  1.30000000000000e+04   6.00000000000000e+03   1.02600000381470e+02 
  1.30000000000000e+04   5.00000000000000e+03   1.07160008430481e+02 
  1.30000000000000e+04   4.00000000000000e+03   1.12140043258667e+02 
  1.30000000000000e+04   3.00000000000000e+03   1.22940118789673e+02 
  1.30000000000000e+04   2.00000000000000e+03   1.46100206375122e+02 
  1.30000000000000e+04   1.00000000000000e+03   1.00000000000000e+04 
  1.30000000000000e+04  -0.00000000000000e+00   1.00000000000000e+04 
  1.40000000000000e+04   1.80000000000000e+04   1.00000000000000e+04 
  1.40000000000000e+04   1.70000000000000e+04   1.24080126762390e+02 
  1.40000000000000e+04   1.60000000000000e+04   1.16760075569153e+02 
  1.40000000000000e+04   1.50000000000000e+04   1.13100049972534e+02 
  1.40000000000000e+04   1.40000000000000e+04   1.09080021858215e+02 
  1.40000000000000e+04   1.30000000000000e+04   1.05659997940063e+02 
  1.40000000000000e+04   1.20000000000000e+04   1.02720000267029e+02 
  1.40000000000000e+04   1.10000000000000e+04   1.00740000724792e+02 
  1.40000000000000e+04   1.00000000000000e+04   9.96599988937378e+01 
  1.40000000000000e+04   9.00000000000000e+03   1.00199999809265e+02 
  1.40000000000000e+04   8.00000000000000e+03   1.01640001296997e+02 
  1.40000000000000e+04   7.00000000000000e+03   1.04279998779297e+02 
  1.40000000000000e+04   6.00000000000000e+03   1.07400010108948e+02 
  1.40000000000000e+04   5.00000000000000e+03   1.11240036964417e+02 
  1.40000000000000e+04   4.00000000000000e+03   1.15200064659119e+02 
  1.40000000000000e+04   3.00000000000000e+03   1.23480122566223e+02 
  1.40000000000000e+04   2.00000000000000e+03   1.00000000000000e+04 
  1.40000000000000e+04   1.00000000000000e+03   1.00000000000000e+04 
  1.40000000000000e+04  -0.00000000000000e+00   1.00000000000000e+04 
  1.50000000000000e+04   1.80000000000000e+04   1.00000000000000e+04 
  1.50000000000000e+04   1.70000000000000e+04   1.24740131378174e+02 
  1.50000000000000e+04   1.60000000000000e+04   1.18440087318420e+02 
  1.50000000000000e+04   1.50000000000000e+04   1.16280072212219e+02 
  1.50000000000000e+04   1.40000000000000e+04   1.13280051231384e+02 
  1.50000000000000e+04   1.30000000000000e+04   1.10280030250549e+02 
  1.50000000000000e+04   1.20000000000000e+04   1.07940013885498e+02 
  1.50000000000000e+04   1.10000000000000e+04   1.06380002975464e+02 
  1.50000000000000e+04   1.00000000000000e+04   1.05659997940063e+02 
  1.50000000000000e+04   9.00000000000000e+03   1.05960000038147e+02 
  1.50000000000000e+04   8.00000000000000e+03   1.07160008430481e+02 
  1.50000000000000e+04   7.00000000000000e+03   1.09140022277832e+02 
  1.50000000000000e+04   6.00000000000000e+03   1.11780040740967e+02 
  1.50000000000000e+04   5.00000000000000e+03   1.14840062141418e+02 
  1.50000000000000e+04   4.00000000000000e+03   1.17420080184937e+02 
  1.50000000000000e+04   3.00000000000000e+03   1.24080126762390e+02 
  1.50000000000000e+04   2.00000000000000e+03   1.00000000000000e+04 
  1.50000000000000e+04   1.00000000000000e+03   1.00000000000000e+04 
  1.50000000000000e+04  -0.00000000000000e+00   1.00000000000000e+04 
  1.60000000000000e+04   1.80000000000000e+04   1.00000000000000e+04 
  1.60000000000000e+04   1.70000000000000e+04   1.25640137672424e+02 
  1.60000000000000e+04   1.60000000000000e+04   1.19580095291138e+02 
  1.60000000000000e+04   1.50000000000000e+04   1.18200085639954e+02 
  1.60000000000000e+04   1.40000000000000e+04   1.16520073890686e+02 
  1.60000000000000e+04   1.30000000000000e+04   1.14480059623718e+02 
  1.60000000000000e+04   1.20000000000000e+04   1.12500045776367e+02 
  1.60000000000000e+04   1.10000000000000e+04   1.11180036544800e+02 
  1.60000000000000e+04   1.00000000000000e+04   1.10580032348633e+02 
  1.60000000000000e+04   9.00000000000000e+03   1.10820034027100e+02 
  1.60000000000000e+04   8.00000000000000e+03   1.11780040740967e+02 
  1.60000000000000e+04   7.00000000000000e+03   1.13460052490234e+02 
  1.60000000000000e+04   6.00000000000000e+03   1.15500066757202e+02 
  1.60000000000000e+04   5.00000000000000e+03   1.17300079345703e+02 
  1.60000000000000e+04   4.00000000000000e+03   1.18860090255737e+02 
  1.60000000000000e+04   3.00000000000000e+03   1.24800131797791e+02 
  1.60000000000000e+04   2.00000000000000e+03   1.00000000000000e+04 
  1.60000000000000e+04   1.00000000000000e+03   1.00000000000000e+04 
  1.60000000000000e+04  -0.00000000000000e+00   1.00000000000000e+04 
  1.70000000000000e+04   1.80000000000000e+04   1.00000000000000e+04 
  1.70000000000000e+04   1.70000000000000e+04   1.26900146484375e+02 
  1.70000000000000e+04   1.60000000000000e+04   1.20480101585388e+02 
  1.70000000000000e+04   1.50000000000000e+04   1.19520094871521e+02 
  1.70000000000000e+04   1.40000000000000e+04   1.18440087318420e+02 
  1.70000000000000e+04   1.30000000000000e+04   1.17360079765320e+02 
  1.70000000000000e+04   1.20000000000000e+04   1.16280072212219e+02 
  1.70000000000000e+04   1.10000000000000e+04   1.15320065498352e+02 
  1.70000000000000e+04   1.00000000000000e+04   1.14900062561035e+02 
  1.70000000000000e+04   9.00000000000000e+03   1.15080063819885e+02 
  1.70000000000000e+04   8.00000000000000e+03   1.15740068435669e+02 
  1.70000000000000e+04   7.00000000000000e+03   1.16760075569153e+02 
  1.70000000000000e+04   6.00000000000000e+03   1.17840083122253e+02 
  1.70000000000000e+04   5.00000000000000e+03   1.18920090675354e+02 
  1.70000000000000e+04   4.00000000000000e+03   1.19880097389221e+02 
  1.70000000000000e+04   3.00000000000000e+03   1.25760138511658e+02 
  1.70000000000000e+04   2.00000000000000e+03   1.00000000000000e+04 
  1.70000000000000e+04   1.00000000000000e+03   1.00000000000000e+04 
  1.70000000000000e+04  -0.00000000000000e+00   1.00000000000000e+04 
  1.80000000000000e+04   1.80000000000000e+04   1.00000000000000e+04 
  1.80000000000000e+04   1.70000000000000e+04   1.31040175437927e+02 
  1.80000000000000e+04   1.60000000000000e+04   1.21260107040405e+02 
  1.80000000000000e+04   1.50000000000000e+04   1.20480101585388e+02 
  1.80000000000000e+04   1.40000000000000e+04   1.19760096549988e+02 
  1.80000000000000e+04   1.30000000000000e+04   1.19100091934204e+02 
  1.80000000000000e+04   1.20000000000000e+04   1.18440087318420e+02 
  1.80000000000000e+04   1.10000000000000e+04   1.17960083961487e+02 
  1.80000000000000e+04   1.00000000000000e+04   1.17780082702637e+02 
  1.80000000000000e+04   9.00000000000000e+03   1.17840083122253e+02 
  1.80000000000000e+04   8.00000000000000e+03   1.18140085220337e+02 
  1.80000000000000e+04   7.00000000000000e+03   1.18680088996887e+02 
  1.80000000000000e+04   6.00000000000000e+03   1.19340093612671e+02 
  1.80000000000000e+04   5.00000000000000e+03   1.20000098228455e+02 
  1.80000000000000e+04   4.00000000000000e+03   1.20720103263855e+02 
  1.80000000000000e+04   3.00000000000000e+03   1.27680151939392e+02 
  1.80000000000000e+04   2.00000000000000e+03   1.00000000000000e+04 
  1.80000000000000e+04   1.00000000000000e+03   1.00000000000000e+04 
  1.80000000000000e+04  -0.00000000000000e+00   1.00000000000000e+04 
  1.90000000000000e+04   1.80000000000000e+04   1.00000000000000e+04 
  1.90000000000000e+04   1.70000000000000e+04   1.00000000000000e+04 
  1.90000000000000e+04   1.60000000000000e+04   1.26180141448975e+02 
  1.90000000000000e+04   1.50000000000000e+04   1.24680130958557e+02 
  1.90000000000000e+04   1.40000000000000e+04   1.23900125503540e+02 
  1.90000000000000e+04   1.30000000000000e+04   1.23420122146606e+02 
  1.90000000000000e+04   1.20000000000000e+04   1.23060119628906e+02 
  1.90000000000000e+04   1.10000000000000e+04   1.22880118370056e+02 
  1.90000000000000e+04   1.00000000000000e+04   1.22760117530823e+02 
  1.90000000000000e+04   9.00000000000000e+03   1.22760117530823e+02 
  1.90000000000000e+04   8.00000000000000e+03   1.22940118789673e+02 
  1.90000000000000e+04   7.00000000000000e+03   1.23180120468140e+02 
  1.90000000000000e+04   6.00000000000000e+03   1.23600123405457e+02 
  1.90000000000000e+04   5.00000000000000e+03   1.24200127601624e+02 
  1.90000000000000e+04   4.00000000000000e+03   1.25460136413574e+02 
  1.90000000000000e+04   3.00000000000000e+03   1.33020189285278e+02 
  1.90000000000000e+04   2.00000000000000e+03   1.00000000000000e+04 
  1.90000000000000e+04   1.00000000000000e+03   1.00000000000000e+04 
  1.90000000000000e+04  -0.00000000000000e+00   1.00000000000000e+04 
  2.00000000000000e+04   1.80000000000000e+04   1.00000000000000e+04 
  2.00000000000000e+04   1.70000000000000e+04   1.00000000000000e+04 
  2.00000000000000e+04   1.60000000000000e+04   1.00000000000000e+04 
  2.00000000000000e+04   1.50000000000000e+04   1.00000000000000e+04 
  2.00000000000000e+04   1.40000000000000e+04   1.00000000000000e+04 
  2.00000000000000e+04   1.30000000000000e+04   1.29480164527893e+02 
  2.00000000000000e+04   1.20000000000000e+04   1.27920153617859e+02 
  2.00000000000000e+04   1.10000000000000e+04   1.27260149002075e+02 
  2.00000000000000e+04   1.00000000000000e+04   1.27080147743225e+02 
  2.00000000000000e+04   9.00000000000000e+03   1.27080147743225e+02 
  2.00000000000000e+04   8.00000000000000e+03   1.27440150260925e+02 
  2.00000000000000e+04   7.00000000000000e+03   1.28400156974792e+02 
  2.00000000000000e+04   6.00000000000000e+03   1.31760180473328e+02 
  2.00000000000000e+04   5.00000000000000e+03   1.00000000000000e+04 
  2.00000000000000e+04   4.00000000000000e+03   1.00000000000000e+04 
  2.00000000000000e+04   3.00000000000000e+03   1.00000000000000e+04 
  2.00000000000000e+04   2.00000000000000e+03   1.00000000000000e+04 
  2.00000000000000e+04   1.00000000000000e+03   1.00000000000000e+04 
  2.00000000000000e+04  -0.00000000000000e+00   1.00000000000000e+04 
  2.10000000000000e+04   1.80000000000000e+04   1.00000000000000e+04 
  2.10000000000000e+04   1.70000000000000e+04   1.00000000000000e+04 
  2.10000000000000e+04   1.60000000000000e+04   1.00000000000000e+04 
  2.10000000000000e+04   1.50000000000000e+04   1.00000000000000e+04 
  2.10000000000000e+04   1.40000000000000e+04   1.00000000000000e+04 
  2.10000000000000e+04   1.30000000000000e+04   1.00000000000000e+04 
  2.10000000000000e+04   1.20000000000000e+04   1.00000000000000e+04 
  2.10000000000000e+04   1.10000000000000e+04   1.00000000000000e+04 
  2.10000000000000e+04   1.00000000000000e+04   1.00000000000000e+04 
  2.10000000000000e+04   9.00000000000000e+03   1.00000000000000e+04 
  2.10000000000000e+04   8.00000000000000e+03   1.00000000000000e+04 
  2.10000000000000e+04   7.00000000000000e+03   1.00000000000000e+04 
  2.10000000000000e+04   6.00000000000000e+03   1.00000000000000e+04 
  2.10000000000000e+04   5.00000000000000e+03   1.00000000000000e+04 
  2.10000000000000e+04   4.00000000000000e+03   1.00000000000000e+04 
  2.10000000000000e+04   3.00000000000000e+03   1.00000000000000e+04 
  2.10000000000000e+04   2.00000000000000e+03   1.00000000000000e+04 
  2.10000000000000e+04   1.00000000000000e+03   1.00000000000000e+04 
  2.10000000000000e+04  -0.00000000000000e+00   1.00000000000000e+04 
  2.20000000000000e+04   1.80000000000000e+04   1.00000000000000e+04 
  2.20000000000000e+04   1.70000000000000e+04   1.00000000000000e+04 
  2.20000000000000e+04   1.60000000000000e+04   1.00000000000000e+04 
  2.20000000000000e+04   1.50000000000000e+04   1.00000000000000e+04 
  2.20000000000000e+04   1.40000000000000e+04   1.00000000000000e+04 
  2.20000000000000e+04   1.30000000000000e+04   1.00000000000000e+04 
  2.20000000000000e+04   1.20000000000000e+04   1.00000000000000e+04 
  2.20000000000000e+04   1.10000000000000e+04   1.00000000000000e+04 
  2.20000000000000e+04   1.00000000000000e+04   1.00000000000000e+04 
  2.20000000000000e+04   9.00000000000000e+03   1.00000000000000e+04 
  2.20000000000000e+04   8.00000000000000e+03   1.00000000000000e+04 
  2.20000000000000e+04   7.00000000000000e+03   1.00000000000000e+04 
  2.20000000000000e+04   6.00000000000000e+03   1.00000000000000e+04 
  2.20000000000000e+04   5.00000000000000e+03   1.00000000000000e+04 
  2.20000000000000e+04   4.00000000000000e+03   1.00000000000000e+04 
  2.20000000000000e+04   3.00000000000000e+03   1.00000000000000e+04 
  2.20000000000000e+04   2.00000000000000e+03   1.00000000000000e+04 
  2.20000000000000e+04   1.00000000000000e+03   1.00000000000000e+04 
  2.20000000000000e+04  -0.00000000000000e+00   1.00000000000000e+04 
  2.30000000000000e+04   1.80000000000000e+04   1.00000000000000e+04 
  2.30000000000000e+04   1.70000000000000e+04   1.00000000000000e+04 
  2.30000000000000e+04   1.60000000000000e+04   1.00000000000000e+04 
  2.30000000000000e+04   1.50000000000000e+04   1.00000000000000e+04 
  2.30000000000000e+04   1.40000000000000e+04   1.00000000000000e+04 
  2.30000000000000e+04   1.30000000000000e+04   1.00000000000000e+04 
  2.30000000000000e+04   1.20000000000000e+04   1.00000000000000e+04 
  2.30000000000000e+04   1.10000000000000e+04   1.00000000000000e+04 
  2.30000000000000e+04   1.00000000000000e+04   1.00000000000000e+04 
  2.30000000000000e+04   9.00000000000000e+03   1.00000000000000e+04 
  2.30000000000000e+04   8.00000000000000e+03   1.00000000000000e+04 
  2.30000000000000e+04   7.00000000000000e+03   1.00000000000000e+04 
  2.30000000000000e+04   6.00000000000000e+03   1.00000000000000e+04 
  2.30000000000000e+04   5.00000000000000e+03   1.00000000000000e+04 
  2.30000000000000e+04   4.00000000000000e+03   1.00000000000000e+04 
  2.30000000000000e+04   3.00000000000000e+03   1.00000000000000e+04 
  2.30000000000000e+04   2.00000000000000e+03   1.00000000000000e+04 
  2.30000000000000e+04   1.00000000000000e+03   1.00000000000000e+04 
  2.30000000000000e+04  -0.00000000000000e+00   1.00000000000000e+04 
  2.40000000000000e+04   1.80000000000000e+04   1.00000000000000e+04 
  2.40000000000000e+04   1.70000000000000e+04   1.00000000000000e+04 
  2.40000000000000e+04   1.60000000000000e+04   1.00000000000000e+04 
  2.40000000000000e+04   1.50000000000000e+04   1.00000000000000e+04 
  2.40000000000000e+04   1.40000000000000e+04   1.00000000000000e+04 
  2.40000000000000e+04   1.30000000000000e+04   1.00000000000000e+04 
  2.40000000000000e+04   1.20000000000000e+04   1.00000000000000e+04 
  2.40000000000000e+04   1.10000000000000e+04   1.00000000000000e+04 
  2.40000000000000e+04   1.00000000000000e+04   1.00000000000000e+04 
  2.40000000000000e+04   9.00000000000000e+03   1.00000000000000e+04 
  2.40000000000000e+04   8.00000000000000e+03   1.00000000000000e+04 
  2.40000000000000e+04   7.00000000000000e+03   1.00000000000000e+04 
  2.40000000000000e+04   6.00000000000000e+03   1.00000000000000e+04 
  2.40000000000000e+04   5.00000000000000e+03   1.00000000000000e+04 
  2.40000000000000e+04   4.00000000000000e+03   1.00000000000000e+04 
  2.40000000000000e+04   3.00000000000000e+03   1.00000000000000e+04 
  2.40000000000000e+04   2.00000000000000e+03   1.00000000000000e+04 
  2.40000000000000e+04   1.00000000000000e+03   1.00000000000000e+04 
  2.40000000000000e+04  -0.00000000000000e+00   1.00000000000000e+04 
  2.50000000000000e+04   1.80000000000000e+04   1.00000000000000e+04 
  2.50000000000000e+04   1.70000000000000e+04   1.00000000000000e+04 
  2.50000000000000e+04   1.60000000000000e+04   1.00000000000000e+04 
  2.50000000000000e+04   1.50000000000000e+04   1.00000000000000e+04 
  2.50000000000000e+04   1.40000000000000e+04   1.00000000000000e+04 
  2.50000000000000e+04   1.30000000000000e+04   1.00000000000000e+04 
  2.50000000000000e+04   1.20000000000000e+04   1.00000000000000e+04 
  2.50000000000000e+04   1.10000000000000e+04   1.00000000000000e+04 
  2.50000000000000e+04   1.00000000000000e+04   1.00000000000000e+04 
  2.50000000000000e+04   9.00000000000000e+03   1.00000000000000e+04 
  2.50000000000000e+04   8.00000000000000e+03   1.00000000000000e+04 
  2.50000000000000e+04   7.00000000000000e+03   1.00000000000000e+04 
  2.50000000000000e+04   6.00000000000000e+03   1.00000000000000e+04 
  2.50000000000000e+04   5.00000000000000e+03   1.00000000000000e+04 
  2.50000000000000e+04   4.00000000000000e+03   1.00000000000000e+04 
  2.50000000000000e+04   3.00000000000000e+03   1.00000000000000e+04 
  2.50000000000000e+04   2.00000000000000e+03   1.00000000000000e+04 
  2.50000000000000e+04   1.00000000000000e+03   1.00000000000000e+04 
  2.50000000000000e+04  -0.00000000000000e+00   1.00000000000000e+04 
  2.60000000000000e+04   1.80000000000000e+04   1.00000000000000e+04 
  2.60000000000000e+04   1.70000000000000e+04   1.00000000000000e+04 
  2.60000000000000e+04   1.60000000000000e+04   1.00000000000000e+04 
  2.60000000000000e+04   1.50000000000000e+04   1.00000000000000e+04 
  2.60000000000000e+04   1.40000000000000e+04   1.00000000000000e+04 
  2.60000000000000e+04   1.30000000000000e+04   1.00000000000000e+04 
  2.60000000000000e+04   1.20000000000000e+04   1.00000000000000e+04 
  2.60000000000000e+04   1.10000000000000e+04   1.00000000000000e+04 
  2.60000000000000e+04   1.00000000000000e+04   1.00000000000000e+04 
  2.60000000000000e+04   9.00000000000000e+03   1.00000000000000e+04 
  2.60000000000000e+04   8.00000000000000e+03   1.00000000000000e+04 
  2.60000000000000e+04   7.00000000000000e+03   1.00000000000000e+04 
  2.60000000000000e+04   6.00000000000000e+03   1.00000000000000e+04 
  2.60000000000000e+04   5.00000000000000e+03   1.00000000000000e+04 
  2.60000000000000e+04   4.00000000000000e+03   1.00000000000000e+04 
  2.60000000000000e+04   3.00000000000000e+03   1.00000000000000e+04 
  2.60000000000000e+04   2.00000000000000e+03   1.00000000000000e+04 
  2.60000000000000e+04   1.00000000000000e+03   1.00000000000000e+04 
  2.60000000000000e+04  -0.00000000000000e+00   1.00000000000000e+04 
  2.70000000000000e+04   1.80000000000000e+04   1.00000000000000e+04 
  2.70000000000000e+04   1.70000000000000e+04   1.00000000000000e+04 
  2.70000000000000e+04   1.60000000000000e+04   1.00000000000000e+04 
  2.70000000000000e+04   1.50000000000000e+04   1.00000000000000e+04 
  2.70000000000000e+04   1.40000000000000e+04   1.00000000000000e+04 
  2.70000000000000e+04   1.30000000000000e+04   1.00000000000000e+04 
  2.70000000000000e+04   1.20000000000000e+04   1.00000000000000e+04 
  2.70000000000000e+04   1.10000000000000e+04   1.00000000000000e+04 
  2.70000000000000e+04   1.00000000000000e+04   1.00000000000000e+04 
  2.70000000000000e+04   9.00000000000000e+03   1.00000000000000e+04 
  2.70000000000000e+04   8.00000000000000e+03   1.00000000000000e+04 
  2.70000000000000e+04   7.00000000000000e+03   1.00000000000000e+04 
  2.70000000000000e+04   6.00000000000000e+03   1.00000000000000e+04 
  2.70000000000000e+04   5.00000000000000e+03   1.00000000000000e+04 
  2.70000000000000e+04   4.00000000000000e+03   1.00000000000000e+04 
  2.70000000000000e+04   3.00000000000000e+03   1.00000000000000e+04 
  2.70000000000000e+04   2.00000000000000e+03   1.00000000000000e+04 
  2.70000000000000e+04   1.00000000000000e+03   1.00000000000000e+04 
  2.70000000000000e+04  -0.00000000000000e+00   1.00000000000000e+04 
  2.80000000000000e+04   1.80000000000000e+04   1.00000000000000e+04 
  2.80000000000000e+04   1.70000000000000e+04   1.00000000000000e+04 
  2.80000000000000e+04   1.60000000000000e+04   1.00000000000000e+04 
  2.80000000000000e+04   1.50000000000000e+04   1.00000000000000e+04 
  2.80000000000000e+04   1.40000000000000e+04   1.00000000000000e+04 
  2.80000000000000e+04   1.30000000000000e+04   1.00000000000000e+04 
  2.80000000000000e+04   1.20000000000000e+04   1.00000000000000e+04 
  2.80000000000000e+04   1.10000000000000e+04   1.00000000000000e+04 
  2.80000000000000e+04   1.00000000000000e+04   1.00000000000000e+04 
  2.80000000000000e+04   9.00000000000000e+03   1.00000000000000e+04 
  2.80000000000000e+04   8.00000000000000e+03   1.00000000000000e+04 
  2.80000000000000e+04   7.00000000000000e+03   1.00000000000000e+04 
  2.80000000000000e+04   6.00000000000000e+03   1.00000000000000e+04 
  2.80000000000000e+04   5.00000000000000e+03   1.00000000000000e+04 
  2.80000000000000e+04   4.00000000000000e+03   1.00000000000000e+04 
  2.80000000000000e+04   3.00000000000000e+03   1.00000000000000e+04 
  2.80000000000000e+04   2.00000000000000e+03   1.00000000000000e+04 
  2.80000000000000e+04   1.00000000000000e+03   1.00000000000000e+04 
  2.80000000000000e+04  -0.00000000000000e+00   1.00000000000000e+04 
  2.90000000000000e+04   1.80000000000000e+04   1.00000000000000e+04 
  2.90000000000000e+04   1.70000000000000e+04   1.00000000000000e+04 
  2.90000000000000e+04   1.60000000000000e+04   1.00000000000000e+04 
  2.90000000000000e+04   1.50000000000000e+04   1.00000000000000e+04 
  2.90000000000000e+04   1.40000000000000e+04   1.00000000000000e+04 
  2.90000000000000e+04   1.30000000000000e+04   1.00000000000000e+04 
  2.90000000000000e+04   1.20000000000000e+04   1.00000000000000e+04 
  2.90000000000000e+04   1.10000000000000e+04   1.00000000000000e+04 
  2.90000000000000e+04   1.00000000000000e+04   1.00000000000000e+04 
  2.90000000000000e+04   9.00000000000000e+03   1.00000000000000e+04 
  2.90000000000000e+04   8.00000000000000e+03   1.00000000000000e+04 
  2.90000000000000e+04   7.00000000000000e+03   1.00000000000000e+04 
  2.90000000000000e+04   6.00000000000000e+03   1.00000000000000e+04 
  2.90000000000000e+04   5.00000000000000e+03   1.00000000000000e+04 
  2.90000000000000e+04   4.00000000000000e+03   1.00000000000000e+04 
  2.90000000000000e+04   3.00000000000000e+03   1.00000000000000e+04 
  2.90000000000000e+04   2.00000000000000e+03   1.00000000000000e+04 
  2.90000000000000e+04   1.00000000000000e+03   1.00000000000000e+04 
  2.90000000000000e+04  -0.00000000000000e+00   1.00000000000000e+04 
  3.00000000000000e+04   1.80000000000000e+04   1.00000000000000e+04 
  3.00000000000000e+04   1.70000000000000e+04   1.00000000000000e+04 
  3.00000000000000e+04   1.60000000000000e+04   1.00000000000000e+04 
  3.00000000000000e+04   1.50000000000000e+04   1.00000000000000e+04 
  3.00000000000000e+04   1.40000000000000e+04   1.00000000000000e+04 
  3.00000000000000e+04   1.30000000000000e+04   1.00000000000000e+04 
  3.00000000000000e+04   1.20000000000000e+04   1.00000000000000e+04 
  3.00000000000000e+04   1.10000000000000e+04   1.00000000000000e+04 
  3.00000000000000e+04   1.00000000000000e+04   1.00000000000000e+04 
  3.00000000000000e+04   9.00000000000000e+03   1.00000000000000e+04 
  3.00000000000000e+04   8.00000000000000e+03   1.00000000000000e+04 
  3.00000000000000e+04   7.00000000000000e+03   1.00000000000000e+04 
  3.00000000000000e+04   6.00000000000000e+03   1.00000000000000e+04 
  3.00000000000000e+04   5.00000000000000e+03   1.00000000000000e+04 
  3.00000000000000e+04   4.00000000000000e+03   1.00000000000000e+04 
  3.00000000000000e+04   3.00000000000000e+03   1.00000000000000e+04 
  3.00000000000000e+04   2.00000000000000e+03   1.00000000000000e+04 
  3.00000000000000e+04   1.00000000000000e+03   1.00000000000000e+04 
  3.00000000000000e+04  -0.00000000000000e+00   1.00000000000000e+04 
  3.10000000000000e+04   1.80000000000000e+04   1.00000000000000e+04 
  3.10000000000000e+04   1.70000000000000e+04   1.00000000000000e+04 
  3.10000000000000e+04   1.60000000000000e+04   1.00000000000000e+04 
  3.10000000000000e+04   1.50000000000000e+04   1.00000000000000e+04 
  3.10000000000000e+04   1.40000000000000e+04   1.00000000000000e+04 
  3.10000000000000e+04   1.30000000000000e+04   1.00000000000000e+04 
  3.10000000000000e+04   1.20000000000000e+04   1.00000000000000e+04 
  3.10000000000000e+04   1.10000000000000e+04   1.00000000000000e+04 
  3.10000000000000e+04   1.00000000000000e+04   1.00000000000000e+04 
  3.10000000000000e+04   9.00000000000000e+03   1.00000000000000e+04 
  3.10000000000000e+04   8.00000000000000e+03   1.00000000000000e+04 
  3.10000000000000e+04   7.00000000000000e+03   1.00000000000000e+04 
  3.10000000000000e+04   6.00000000000000e+03   1.00000000000000e+04 
  3.10000000000000e+04   5.00000000000000e+03   1.00000000000000e+04 
  3.10000000000000e+04   4.00000000000000e+03   1.00000000000000e+04 
  3.10000000000000e+04   3.00000000000000e+03   1.00000000000000e+04 
  3.10000000000000e+04   2.00000000000000e+03   1.00000000000000e+04 
  3.10000000000000e+04   1.00000000000000e+03   1.00000000000000e+04 
  3.10000000000000e+04  -0.00000000000000e+00   1.00000000000000e+04 
  3.20000000000000e+04   1.80000000000000e+04   1.00000000000000e+04 
  3.20000000000000e+04   1.70000000000000e+04   1.00000000000000e+04 
  3.20000000000000e+04   1.60000000000000e+04   1.00000000000000e+04 
  3.20000000000000e+04   1.50000000000000e+04   1.00000000000000e+04 
  3.20000000000000e+04   1.40000000000000e+04   1.00000000000000e+04 
  3.20000000000000e+04   1.30000000000000e+04   1.00000000000000e+04 
  3.20000000000000e+04   1.20000000000000e+04   1.00000000000000e+04 
  3.20000000000000e+04   1.10000000000000e+04   1.00000000000000e+04 
  3.20000000000000e+04   1.00000000000000e+04   1.00000000000000e+04 
  3.20000000000000e+04   9.00000000000000e+03   1.00000000000000e+04 
  3.20000000000000e+04   8.00000000000000e+03   1.00000000000000e+04 
  3.20000000000000e+04   7.00000000000000e+03   1.00000000000000e+04 
  3.20000000000000e+04   6.00000000000000e+03   1.00000000000000e+04 
  3.20000000000000e+04   5.00000000000000e+03   1.00000000000000e+04 
  3.20000000000000e+04   4.00000000000000e+03   1.00000000000000e+04 
  3.20000000000000e+04   3.00000000000000e+03   1.00000000000000e+04 
  3.20000000000000e+04   2.00000000000000e+03   1.00000000000000e+04 
  3.20000000000000e+04   1.00000000000000e+03   1.00000000000000e+04 
  3.20000000000000e+04  -0.00000000000000e+00   1.00000000000000e+04 
  3.30000000000000e+04   1.80000000000000e+04   1.00000000000000e+04 
  3.30000000000000e+04   1.70000000000000e+04   1.00000000000000e+04 
  3.30000000000000e+04   1.60000000000000e+04   1.00000000000000e+04 
  3.30000000000000e+04   1.50000000000000e+04   1.00000000000000e+04 
  3.30000000000000e+04   1.40000000000000e+04   1.00000000000000e+04 
  3.30000000000000e+04   1.30000000000000e+04   1.00000000000000e+04 
  3.30000000000000e+04   1.20000000000000e+04   1.00000000000000e+04 
  3.30000000000000e+04   1.10000000000000e+04   1.00000000000000e+04 
  3.30000000000000e+04   1.00000000000000e+04   1.00000000000000e+04 
  3.30000000000000e+04   9.00000000000000e+03   1.00000000000000e+04 
  3.30000000000000e+04   8.00000000000000e+03   1.00000000000000e+04 
  3.30000000000000e+04   7.00000000000000e+03   1.00000000000000e+04 
  3.30000000000000e+04   6.00000000000000e+03   1.00000000000000e+04 
  3.30000000000000e+04   5.00000000000000e+03   1.00000000000000e+04 
  3.30000000000000e+04   4.00000000000000e+03   1.00000000000000e+04 
  3.30000000000000e+04   3.00000000000000e+03   1.00000000000000e+04 
  3.30000000000000e+04   2.00000000000000e+03   1.00000000000000e+04 
  3.30000000000000e+04   1.00000000000000e+03   1.00000000000000e+04 
  3.30000000000000e+04  -0.00000000000000e+00   1.00000000000000e+04 
  3.40000000000000e+04   1.80000000000000e+04   1.00000000000000e+04 
  3.40000000000000e+04   1.70000000000000e+04   1.00000000000000e+04 
  3.40000000000000e+04   1.60000000000000e+04   1.00000000000000e+04 
  3.40000000000000e+04   1.50000000000000e+04   1.00000000000000e+04 
  3.40000000000000e+04   1.40000000000000e+04   1.00000000000000e+04 
  3.40000000000000e+04   1.30000000000000e+04   1.00000000000000e+04 
  3.40000000000000e+04   1.20000000000000e+04   1.00000000000000e+04 
  3.40000000000000e+04   1.10000000000000e+04   1.00000000000000e+04 
  3.40000000000000e+04   1.00000000000000e+04   1.00000000000000e+04 
  3.40000000000000e+04   9.00000000000000e+03   1.00000000000000e+04 
  3.40000000000000e+04   8.00000000000000e+03   1.00000000000000e+04 
  3.40000000000000e+04   7.00000000000000e+03   1.00000000000000e+04 
  3.40000000000000e+04   6.00000000000000e+03   1.00000000000000e+04 
  3.40000000000000e+04   5.00000000000000e+03   1.00000000000000e+04 
  3.40000000000000e+04   4.00000000000000e+03   1.00000000000000e+04 
  3.40000000000000e+04   3.00000000000000e+03   1.00000000000000e+04 
  3.40000000000000e+04   2.00000000000000e+03   1.00000000000000e+04 
  3.40000000000000e+04   1.00000000000000e+03   1.00000000000000e+04 
  3.40000000000000e+04  -0.00000000000000e+00   1.00000000000000e+04 
